-0.4724689986009927 -0.3724689986009927 -0.14988519615207407 -0.04988519615207407 -0.11759244394143688 -0.017592443941436872
65
-0.42468523047999984 -0.15068208179999987 -0.0375343937999999
-0.41936277503999986 -0.18857618859999992 -0.03795180489999983
-0.41477252627999994 -0.1691555335999999 0.011726000000000125
-0.38792711756999987 -0.14562234259999984 -0.02816923129999993
-0.3826046621299999 -0.1835164493999999 -0.028586642399999862

-0.4240910632999999 -0.15228191309999994 -0.037481185299999886
-0.4194008981399999 -0.19025110489999997 -0.0383805867
-0.41471949793999985 -0.17157116649999993 0.011572000000000138
-0.3872977968099999 -0.1479643074999999 -0.02788535719999996
-0.3826076316499999 -0.18593349929999992 -0.02878475859999985

-0.4347867746099999 -0.13553922359999993 -0.03343714489999994
-0.4280707589799999 -0.1731918952999998 -0.03471681129999982
-0.41294683627999984 -0.1526468528999998 0.012350000000000083
-0.39711350977999993 -0.12883742569999979 -0.03291072769999981
-0.3903974941399999 -0.16649009729999986 -0.0341903939999999

-0.4330086436899999 -0.13764925249999993 -0.03435851429999981
-0.4265224262599999 -0.17534961339999988 -0.0353967169999998
-0.41334076108999984 -0.15497343029999988 0.012323000000000084
-0.39534670528999993 -0.1312302340999998 -0.03215835689999991
-0.38886048786999994 -0.16893059499999996 -0.03319655949999989

-0.4314041573399999 -0.1397942070999998 -0.03514243419999996
-0.42505050240999986 -0.1775213015999999 -0.036016223799999914
-0.4137195349499999 -0.15732227159999979 0.012251000000000012
-0.3938336845299999 -0.1335535255 -0.0314035092999998
-0.38748002959999994 -0.17128061989999988 -0.032277298799999965

-0.4296152248999999 -0.1395327114999998 -0.035675768299999966
-0.4233024193299999 -0.17726782249999995 -0.03649794719999999
-0.4137195349499999 -0.15732227159999979 0.012251000000000012
-0.3921965893999999 -0.13338504959999997 -0.030526198899999857
-0.3858837838299999 -0.1711201605999999 -0.03134837779999988

-0.4282001406899999 -0.14402468229999998 -0.036429761699999785
-0.42191376285999993 -0.1817664552999998 -0.03714118519999987
-0.4143407240799999 -0.16203108609999983 0.012045000000000083
-0.3910195436699999 -0.13795860519999992 -0.02970131399999998
-0.38473316583999984 -0.17570037809999994 -0.030412737499999842

-0.4269542811799999 -0.1464320806999999 -0.03694852429999984
-0.4208470382999999 -0.18420718019999982 -0.0374062733999998
-0.41454526195999986 -0.1644021913 0.011931000000000136
-0.38994459831999984 -0.14054249799999985 -0.029198538199999957
-0.38383735543999986 -0.17831759749999998 -0.029656287299999917

-0.4257828133499999 -0.14857894469999988 -0.0372403845
-0.4199528886699999 -0.18639832369999998 -0.03765588909999984
-0.4147119224599999 -0.16677329639999994 0.011877000000000137
-0.3889305408299999 -0.14299335999999996 -0.028569897399999933
-0.3831006161599999 -0.18081273899999983 -0.028985401899999985

-0.4347322365099999 -0.1230191182 -0.03274810969999997
-0.42645580128999994 -0.16036163419999983 -0.03397416619999993
-0.41043177785999985 -0.1387207844999998 0.012297000000000002
-0.3973900250599999 -0.1147101438 -0.03374122689999992
-0.3891135898499999 -0.15205265969999981 -0.03496728339999988

-0.43510981556999984 -0.12461761409999994 -0.03245257459999995
-0.4269855331799999 -0.16197410349999997 -0.03417153499999981
-0.4108863064899999 -0.14101396609999983 0.012386000000000008
-0.39773372141999985 -0.11644883039999998 -0.033327019399999935
-0.3896094390199999 -0.1538053198999998 -0.035045979699999785

-0.4353601600399999 -0.1264276083 -0.03228087029999993
-0.4273944814399999 -0.1638034772999999 -0.034295436099999854
-0.41131810868999985 -0.14330714759999985 0.012476000000000154
-0.39794681235999985 -0.1184153832999999 -0.032996244599999836
-0.3899811337599999 -0.1557912522999998 -0.03501081029999997

-0.43553871626999985 -0.12892592109999979 -0.03248625879999989
-0.4277892215499999 -0.16636173489999995 -0.03420999619999998
-0.41171203349999985 -0.1456225929999999 0.012454000000000187
-0.3980768925699999 -0.12113993779999999 -0.033161776299999834
-0.3903273978499999 -0.15857575159999993 -0.034885513799999934

-0.43593029390999993 -0.13127298399999998 -0.03255097709999988
-0.4284581098299999 -0.16877098179999983 -0.03414242959999991
-0.41210595830999985 -0.1479603022999998 0.012394000000000016
-0.39841472730999994 -0.12376308709999995 -0.033357081899999974
-0.3909425432199999 -0.1612610848999998 -0.034948534499999795

-0.4364973404899999 -0.13333925009999992 -0.03241387189999978
-0.42944613492999995 -0.17091559569999992 -0.03407665339999988
-0.41253018502999994 -0.15030914359999992 0.012349000000000165
-0.3989089898999999 -0.12623819399999991 -0.03348950949999985
-0.39185778432999985 -0.16381453969999993 -0.03515229099999995

-0.43466896121999987 -0.12105856389999992 -0.03271282969999989
-0.4262456910299999 -0.15837328299999998 -0.033774126799999804
-0.40996209826999985 -0.13638307519999993 0.012241000000000168
-0.3973704901199999 -0.11260119619999998 -0.034040639499999914
-0.3889472199299999 -0.1499159152999998 -0.03510193659999983

-0.43293886729999986 -0.11002728919999982 -0.03302603549999983
-0.4240023259899999 -0.14723064419999998 -0.033743462299999916
-0.4077576344099999 -0.12452754939999999 0.011938000000000004
-0.39577040765999993 -0.10106748119999986 -0.03466723709999986
-0.38683386633999994 -0.1382708361999998 -0.035384663899999946

-0.4319396874799999 -0.10496747029999987 -0.032978297299999904
-0.4230065985999999 -0.14216753999999998 -0.03388429599999987
-0.40688645453999994 -0.11972967929999978 0.011972000000000094
-0.3947654760399999 -0.09600440499999996 -0.03446408259999978
-0.3858323871599999 -0.13320447469999985 -0.03537008129999997

-0.4323800510599999 -0.10736301089999989 -0.03299492029999995
-0.42342900712999987 -0.1445580983999999 -0.033927856999999895
-0.4073182567399999 -0.1221453121999998 0.011944000000000177
-0.39521022446999987 -0.0983809109999998 -0.03447544969999994
-0.38625918054999986 -0.1355759984999998 -0.03540838639999988

-0.4336054268199999 -0.11252742529999993 -0.032909283599999783
-0.42471929760999994 -0.14974385039999993 -0.03357298909999984
-0.4081818611299999 -0.1269320504 0.01194900000000021
-0.39643603662999993 -0.10361896399999981 -0.034791262499999975
-0.38754990742999984 -0.14083538909999982 -0.03545496799999981

-0.4341369815999999 -0.1147809973999998 -0.032745029299999784
-0.42534355476999985 -0.15201788269999983 -0.03349075809999991
-0.40861366332999993 -0.12931428749999996 0.012015000000000109
-0.39695183889999985 -0.1059601215999999 -0.034725788499999855
-0.3881584120699999 -0.14319700689999992 -0.03547151729999998

-0.4342759798999999 -0.11702464329999995 -0.0328016592
-0.42559509247999994 -0.15428790569999995 -0.033548358799999844
-0.4090454655299999 -0.13169652459999992 0.012079000000000173
-0.3970530702799999 -0.10831780639999988 -0.03456576939999989
-0.38837218285999986 -0.14558106879999988 -0.035312469099999966

-0.43463181565999986 -0.11897521239999986 -0.03261375129999999
-0.4260794885299999 -0.15626232409999985 -0.033611296899999976
-0.40949241868999986 -0.13404536589999982 0.01218600000000003
-0.3973773865599999 -0.11038566829999996 -0.034285079499999815
-0.3888250594199999 -0.14767277999999995 -0.0352826250999998

-0.42995672827999987 -0.08614085679999994 -0.030945577899999854
-0.42177941625999993 -0.12344330829999994 -0.03342040709999994
-0.40385626366999994 -0.10294269989999982 0.012673000000000156
-0.39267677326999983 -0.07781500279999998 -0.033258844699999957
-0.3844994612499999 -0.11511745419999997 -0.03573367389999982

-0.4307195090499999 -0.08889189679999987 -0.031018715099999872
-0.4224462984799999 -0.1261855356999999 -0.03330006979999989
-0.4042350375299999 -0.10531380509999999 0.012513000000000218
-0.3934841659099999 -0.0804691609999999 -0.03367443269999981
-0.38521095532999994 -0.11776279989999994 -0.03595578739999983

-0.43128237694999993 -0.09162150739999997 -0.03119225569999995
-0.4229120518999999 -0.12890657119999993 -0.03324840919999983
-0.4046516887699999 -0.10768491029999994 0.012384000000000173
-0.39407659679999985 -0.08311467089999991 -0.033990424999999824
-0.38570627174999994 -0.12039973479999988 -0.036046578499999926

-0.4313968993299999 -0.09425490379999979 -0.03157046589999979
-0.4229131843399999 -0.13152564869999983 -0.03341009829999986
-0.4050910664499999 -0.11007827929999991 0.012290000000000134
-0.39419109925999984 -0.0856615959 -0.034090306299999984
-0.38570738426999984 -0.12293234079999982 -0.03592993869999983

-0.4312879933699999 -0.09695968459999982 -0.03214425839999979
-0.42267374193999985 -0.13421352809999987 -0.03369729119999998
-0.40553044411999994 -0.11250504429999997 0.012139000000000122
-0.39407633539999987 -0.08826937609999996 -0.034202690799999935
-0.3854620839599999 -0.1255232195999998 -0.03575572369999991

-0.43122938246999987 -0.09969965949999993 -0.032635281499999946
-0.42246634389999993 -0.13693028289999987 -0.03388265089999987
-0.40597739727999993 -0.11492067719999999 0.012050000000000116
-0.3940252998399999 -0.09088804279999985 -0.03427166199999987
-0.38526226126999985 -0.1281186661999998 -0.03551903139999979

-0.43155310478999986 -0.10245166319999988 -0.03288838039999997
-0.42268762841999985 -0.13966598249999995 -0.03387014359999996
-0.4064243504299999 -0.11732517819999999 0.011983000000000077
-0.39436661690999986 -0.09355175339999988 -0.03444492109999997
-0.38550114053999984 -0.13076607279999997 -0.035426684299999955

-0.42927121477999985 -0.08352455039999995 -0.03089675639999978
-0.42118426797999986 -0.12084024469999988 -0.03346703729999989
-0.4034926407599999 -0.10057159469999988 0.012818000000000218
-0.39195403795999983 -0.07529628799999988 -0.032943731199999826
-0.38386709114999984 -0.1126119822999998 -0.035514012099999936

-0.4267463081199999 -0.06890024099999992 -0.030218430899999982
-0.41907744211999987 -0.10629711709999978 -0.03288830799999998
-0.4012275730899999 -0.08636722759999982 0.013483000000000134
-0.38933555513999984 -0.06108805669999984 -0.032186026199999995
-0.3816666891299999 -0.09848493279999992 -0.03485590319999998

-0.42707927089999986 -0.0712910685999999 -0.030327281299999953
-0.41934803240999985 -0.1086757104999998 -0.03298859639999985
-0.4016214978999999 -0.08872720079999996 0.013422000000000045
-0.3896766132699999 -0.06342147259999997 -0.032218512399999844
-0.3819453747799999 -0.10080611449999988 -0.03487982759999997

-0.4274544189499999 -0.0736655074999999 -0.030375530299999953
-0.41964387320999985 -0.1110313881999998 -0.03306856369999989
-0.4020154227099999 -0.0910983059999999 0.01338600000000012
-0.3900655312299999 -0.0657178183999998 -0.03221166949999987
-0.3822549854899999 -0.10308369909999993 -0.034904702999999815

-0.42785645939999994 -0.07604974629999983 -0.03047855949999989
-0.4199791599899999 -0.11339868759999994 -0.03321184229999985
-0.40237147013999985 -0.09348054309999987 0.013257000000000074
-0.39048263285999985 -0.06803251219999984 -0.03231897819999996
-0.3826053334499999 -0.10538145339999994 -0.03505226099999992

-0.42839519162999984 -0.07863021679999993 -0.030638045299999916
-0.4204527283999999 -0.11597381229999981 -0.03325324019999987
-0.4027275175699999 -0.0958405163999998 0.013078000000000145
-0.3910438747999999 -0.07054616649999979 -0.03263638369999988
-0.3831014115799999 -0.10788976199999989 -0.03525157859999983

-0.4288677411199999 -0.08108328399999998 -0.03079196439999987
-0.4208599864999999 -0.1184147460999998 -0.03338115229999983
-0.4030987159499999 -0.09820048959999994 0.012901000000000051
-0.3915347471599999 -0.07293190449999987 -0.03285804019999983
-0.3835269925399999 -0.11026336669999992 -0.035447228099999784

-0.4238227444399999 -0.0510633937999998 -0.030153666399999945
-0.41670873409999987 -0.08862999179999997 -0.031768493999999814
-0.39843222200999984 -0.06764328909999984 0.013966000000000145
-0.3863079073999999 -0.04386090619999994 -0.03243998869999998
-0.37919389706999984 -0.08142750419999989 -0.03405481619999984

-0.4240459328099999 -0.05354750479999981 -0.030297413299999798
-0.4168458157599999 -0.09110099829999996 -0.03183349069999997
-0.39879584491999986 -0.07001439429999978 0.013945000000000096
-0.3865376804799999 -0.046268243099999884 -0.032444376299999966
-0.3793375634299999 -0.08382173659999981 -0.033980453599999905

-0.4242450738099999 -0.05587896969999995 -0.0304195560999998
-0.41694770165999984 -0.09341216699999988 -0.03199230919999985
-0.3991367413899999 -0.07236323559999991 0.013897000000000048
-0.38674609137999993 -0.04850527509999991 -0.03239971729999991
-0.3794487192299999 -0.08603847239999984 -0.03397247049999996

-0.42463440147999987 -0.05814059409999994 -0.030420156499999962
-0.4172505983299999 -0.09565235379999981 -0.0320974852
-0.39948521333999987 -0.07468981289999999 0.013849
-0.3871526529699999 -0.05067497179999991 -0.03238207059999998
-0.3797688498199999 -0.08818673149999978 -0.03405939929999979

-0.42482184178999993 -0.057997009399999966 -0.03025907289999985
-0.41737135817999993 -0.09548662389999985 -0.03212593879999992
-0.39948521333999987 -0.07468981289999999 0.013849
-0.3873617467999999 -0.05044977419999985 -0.03231980559999981
-0.3799112631899999 -0.08793938879999996 -0.03418667149999988

-0.42563293966999993 -0.062381702699999986 -0.030231345799999865
-0.4181214648799999 -0.09984433039999985 -0.0323750250999999
-0.40015185532999986 -0.07933183569999991 0.013695000000000013
-0.3881916820299999 -0.054753989099999956 -0.03233759969999994
-0.38068020723999985 -0.09221661679999982 -0.034481278999999976

-0.42602290241999985 -0.06453378759999984 -0.03020948279999991
-0.4184408185599999 -0.10197071619999987 -0.03254496469999979
-0.40050032727999985 -0.0816584131 0.01362500000000022
-0.3885966351999999 -0.056824408299999796 -0.03228459419999985
-0.38101455134999984 -0.09426133689999983 -0.03462007609999995

-0.42634587190999984 -0.06672221879999984 -0.03024374789999995
-0.41871664756999993 -0.10413967499999988 -0.0327327235999999
-0.4008563747099999 -0.0840072543999999 0.013547000000000198
-0.38892625986999985 -0.05895979199999979 -0.03223960839999984
-0.38129703552999994 -0.09637724819999982 -0.0347285841999998

-0.4235075010699999 -0.04866589229999985 -0.03006739969999983
-0.4164643803099999 -0.08624573059999996 -0.03168489619999981
-0.39808375005999985 -0.06528331589999992 0.014019000000000004
-0.38598291683999986 -0.04153233259999989 -0.03240919349999993
-0.37893979607999984 -0.0791121709 -0.03402668989999991

-0.4211592988499999 -0.03371069829999995 -0.029789077699999833
-0.4143686525499999 -0.07131372429999994 -0.03187849109999985
-0.3959323145399999 -0.05106781679999983 0.014125000000000165
-0.38358275516999985 -0.02680358919999981 -0.03197111879999981
-0.3767921088699999 -0.0644066152999998 -0.03406053209999982

-0.4214578725099999 -0.03614934339999998 -0.02987488079999978
-0.41464184828999984 -0.07374956739999994 -0.03193183509999997
-0.39626563553999994 -0.05346118589999982 0.014077000000000117
-0.38388336313999993 -0.02922048119999987 -0.03202271899999998
-0.3770673389199999 -0.06682070519999983 -0.03407967319999994

-0.42185461485999987 -0.038692511799999885 -0.02994725729999992
-0.4150083217399999 -0.07629372919999988 -0.03188189249999995
-0.39660653200999985 -0.05583229099999998 0.014040000000000052
-0.3842880741699999 -0.03173899279999981 -0.03215399419999998
-0.3774417810499999 -0.06934021019999981 -0.03408862939999979

-0.42237164841999986 -0.041261555699999786 -0.029955989699999908
-0.41549492392999987 -0.07886360319999985 -0.03176230709999994
-0.39697773038999984 -0.058203396199999924 0.014024000000000036
-0.3848184699899999 -0.03428112559999996 -0.03230087319999986
-0.3779417454999999 -0.0718831729999998 -0.03410719059999989

-0.42278712418999986 -0.04376922929999982 -0.02998541719999981
-0.4158595640099999 -0.08136636159999999 -0.031697331199999956
-0.3973565042499999 -0.060563369399999845 0.014030000000000209
-0.3852442478799999 -0.03674354709999994 -0.03235993249999991
-0.37831668770999993 -0.07434067939999989 -0.034071846499999836

-0.4231629426999999 -0.046179751599999985 -0.030011625599999814
-0.41619442786999994 -0.08377024609999983 -0.03170296049999988
-0.39772012715999994 -0.0629233427 0.014016000000000028
-0.3856273764999999 -0.039114644599999915 -0.0323847305999998
-0.37865886165999985 -0.07670513909999999 -0.034076065499999864

-0.41824239266999985 -0.016459314799999847 -0.029669678499999907
-0.41138267009999985 -0.0540143099999999 -0.03232159099999987
-0.3933945296899999 -0.03451460839999987 0.014179000000000164
-0.38065674810999994 -0.009472346899999984 -0.031392378999999915
-0.37379702553999994 -0.047027342099999814 -0.03404429159999989

-0.4185252065599999 -0.018932897999999865 -0.029863547899999787
-0.4116890285399999 -0.05650304949999985 -0.03235683579999993
-0.39374300163999987 -0.03683005379999993 0.014087000000000183
-0.38093255201999987 -0.011979455499999903 -0.031568850299999784
-0.37409637400999984 -0.049549606999999884 -0.034062138199999925

-0.41878101081999985 -0.021365882899999855 -0.030004289899999925
-0.4119564379299999 -0.05894565959999998 -0.03238161679999996
-0.3941066245399999 -0.03915663119999979 0.014050000000000118
-0.38118140472999984 -0.014434043799999907 -0.031642985099999965
-0.3743568318299999 -0.05201382049999981 -0.034020312

-0.41910442577999985 -0.023820985299999986 -0.0301085257
-0.41228130530999985 -0.06140753739999982 -0.03238057799999994
-0.3944550964899999 -0.04149434049999989 0.014007000000000103
-0.3815034372599999 -0.01689628139999999 -0.03174566699999981
-0.3746803167899999 -0.05448283349999983 -0.03401771929999997

-0.4196467764099999 -0.026288782399999988 -0.030146240199999896
-0.4128486204399999 -0.06388310049999979 -0.032363990099999906
-0.3947732665399999 -0.04386544569999984 0.013882000000000172
-0.3820524689099999 -0.019381480799999906 -0.031996462199999964
-0.3752543129299999 -0.05697579889999993 -0.034214211999999966

-0.42024846048999986 -0.028758680099999934 -0.030012898999999926
-0.4134662392799999 -0.06635822269999991 -0.03219050559999981
-0.3951368894399999 -0.0462476827999998 0.013915000000000122
-0.3826641193199999 -0.02185934739999995 -0.03208234369999996
-0.37588189809999994 -0.05945888999999993 -0.03425995029999984

-0.4207515158299999 -0.03128448479999979 -0.029868449299999877
-0.41396669487999993 -0.06888782339999988 -0.03197112089999998
-0.3955383897299999 -0.04866331579999983 0.014045000000000085
-0.38317326534999985 -0.024382853299999896 -0.0320383957999999
-0.37638844439999986 -0.06198619189999999 -0.03414106739999978

-0.41799976130999994 -0.01416188109999994 -0.029545460799999868
-0.41110149790999984 -0.05170673849999985 -0.03224059269999979
-0.39303848225999993 -0.03222142689999985 0.014237000000000055
-0.38042606308999993 -0.007129365799999787 -0.03134185339999984
-0.37352779969999994 -0.04467422329999993 -0.03403698519999998

-0.37259789113999986 -0.08688918899999987 -0.03160665089999992
-0.3672412814899999 -0.12473376569999983 -0.033493670199999936
-0.3487901200799999 -0.10508003419999978 0.012760000000000105
-0.3347503825599999 -0.08145354649999992 -0.0331833495999998
-0.32939377290999994 -0.11929812319999988 -0.035070368899999815

-0.37294715456999994 -0.08932046809999994 -0.031691467199999934
-0.36766604050999985 -0.12718127169999982 -0.03346219549999985
-0.3490779882199999 -0.10740661149999986 0.012685000000000057
-0.33509295157999985 -0.08396186409999995 -0.03336800309999988
-0.3298118375099999 -0.12182266769999983 -0.03513873139999979

-0.37330612152999987 -0.09169609449999983 -0.03170751109999981
-0.3681143889199999 -0.12957369499999993 -0.033380646999999986
-0.3493961582599999 -0.1097109249999999 0.012676000000000132
-0.3354429957399999 -0.08642853929999994 -0.033468948799999954
-0.33025126312999986 -0.12430613989999983 -0.0351420845999999

-0.37356948997999984 -0.09407460249999988 -0.031769448499999964
-0.3684737364399999 -0.13196896189999996 -0.03335592669999987
-0.34970675281999986 -0.11204863429999978 0.012656
-0.3356930739899999 -0.08890707679999998 -0.03354142029999996
-0.3305973204499999 -0.12680143619999984 -0.035127898499999866

-0.37316305024999985 -0.09652323899999993 -0.032220848399999946
-0.36815198313999986 -0.13443691899999988 -0.033602211599999876
-0.35000219642999986 -0.11440860759999993 0.01261000000000001
-0.33525033016999994 -0.09146725049999982 -0.033457267199999974
-0.33023926306999984 -0.1293809306 -0.034838630399999904

