232.100911 35.077031 -293.993074
-102.251852 -313.530635 -88.537771
-131.764839 -74.295402 -135.597366
438.436299 -266.986287 -139.423349
296.492883 95.869648 -3.163687
151.866469 -339.720312 -242.506271
311.568782 278.790292 97.842272
75.592644 -7.939174 -158.881207
-35.687928 203.478009 -238.243032
97.439920 -162.363278 -242.834212
-101.613042 -64.660857 64.064305
372.766708 471.209782 -125.595153
447.762914 86.642197 -71.156876
-207.399854 137.393177 62.151313
-338.866798 206.734756 40.561836
190.578309 -460.627058 -179.213576
-243.300934 324.520453 69.038083
-273.836017 355.459553 -121.003973
33.303472 -319.772734 -105.700039
-88.709095 -464.833690 -55.197060
436.136586 299.959150 -124.611328
-257.482500 -274.585364 -137.619671
79.808785 401.596807 -163.909642
231.206578 486.815030 -82.798797
513.815791 -132.509761 -8.246779
260.591803 317.599864 -156.530960
-9.752272 391.962263 -274.644530
481.364281 363.330025 17.605937
-2.853132 -437.422733 -20.107327
166.048034 -129.795805 -125.267211
-291.211628 -193.980867 10.063284
-73.249912 24.085508 28.264033
508.833078 -178.918411 -64.652704
120.437054 -98.449611 -227.420965
-91.136571 177.288332 -250.595493
-16.906936 -268.750359 -77.497077
-214.043471 407.431813 -85.640956
-212.382567 125.858863 -87.280663
-161.533350 593.066412 100.083205
119.159435 242.016186 185.785231
407.645693 -200.222966 156.106532
-160.639017 -587.911600 -99.469152
38.669469 399.697038 -159.537090
442.907964 142.549694 234.539189
538.346066 148.113304 -92.527725
-313.442190 -87.865182 87.457460
-54.979967 -276.756529 -237.204551
-183.252865 460.489655 117.628071
356.285429 -344.741131 -69.845110
-225.542037 -254.637787 -166.642488
-424.083953 41.454828 -162.925818
16.694431 33.991448 99.208695
579.740905 219.626048 -100.616947
186.106645 117.038506 -246.277597
54.000891 180.680777 122.765820
-76.316196 150.691562 -261.472216
-354.581506 294.259842 -46.615926
-155.656305 -418.560737 21.377263
81.852975 -214.199840 -192.549860
-41.309449 32.905866 -9.011976
389.247987 341.618376 -250.376865
355.263334 -466.597761 132.877348
83.513879 -41.863626 -189.543730
-501.507634 204.834987 -100.234349
-629.780532 78.771724 -82.689483
549.589109 -20.016279 127.794255
166.048034 588.859780 -109.689993
-288.145344 63.844966 -162.980475
344.403577 -144.044074 -147.403257
-197.434430 -97.771122 -76.294625
352.197050 -181.768065 -77.442420
106.766536 118.395484 12.468188
-237.934937 -117.311606 87.238833
37.775136 -365.367197 10.500539
404.323885 264.813418 -177.300584
374.555374 392.233658 -239.937396
61.411079 393.862032 -137.018446
592.644852 -116.361722 -202.278789
362.417998 -640.562349 121.235427
269.024085 59.638334 -123.682161
-297.599721 -407.976309 -153.142232
-20.867553 341.889772 -44.047051
157.743514 430.771835 -45.304160
-17.417983 344.603728 -134.886826
110.088344 441.084869 -186.209659
263.530326 247.444098 33.511096
525.186595 -238.354050 163.813155
-330.562278 251.922126 100.083205
259.314185 93.698483 -221.736647
396.530412 -300.910739 184.856063
170.647461 -157.071064 -87.936546
428.470875 -539.603181 60.183665
-144.541024 -410.825962 -41.040922
71.887550 232.381642 9.298087
-50.763826 -588.590089 -169.648617
-500.357777 179.323799 -67.768148
-0.297895 -300.775041 -267.375162
562.748579 5.902002 -221.845961
-261.826403 -262.101166 -57.110052
100.889490 362.108745 130.636414
