189.469911 27.811890 -103.348692
46.088917 -393.122267 -35.691926
38.441930 -11.305451 -8.925039
410.064226 -52.001014 -4.583173
-240.779280 168.837233 -66.943817
-435.033975 32.659284 3.464388
-239.823406 -475.866153 49.888953
337.099231 83.613285 -67.739030
429.500316 313.582669 -68.597861
-264.463696 -236.878362 10.557693
168.546907 -499.877662 -11.247062
-141.474665 -349.608452 50.159326
-222.936312 7.407744 -68.661478
-36.541019 -439.003414 -4.758120
101.954401 -36.782452 -67.770839
-186.082086 513.114929 -42.212676
396.469583 -413.075493 -72.573929
249.052680 253.722991 -23.525159
-460.205305 37.055758 11.559662
431.943103 191.045061 28.704465
249.583720 -138.014073 -17.592866
246.185060 79.216811 -69.265840
164.723414 -143.425117 -27.389896
-86.989887 416.054321 -57.178595
208.056336 -268.330057 15.169931
-402.428075 279.199991 28.895316
289.836607 277.396310 36.799739
-164.628041 -163.265613 -54.013645
348.038670 -98.896731 -63.778867
-98.460367 -24.833062 -47.508798
183.734671 -358.175939 18.541636
-38.346558 -143.988767 29.308827
433.217601 -469.665998 -40.129217
298.227050 347.627156 50.875018
436.191429 -372.605391 37.515431
168.122074 -50.422793 -13.028340
-326.064419 -291.890646 -41.576506
396.682000 -194.379118 -63.126792
258.398996 198.823437 38.851389
-42.488675 -225.041702 -38.729641
-86.246430 -362.797873 -60.248119
-516.495621 -38.022483 -31.079687
-457.868726 -280.955827 27.002708
264.983901 30.179222 -76.486379
-518.194951 -242.063946 21.340788
41.521967 546.821226 1.555876
56.603523 -162.138312 -8.893230
306.298869 182.815764 -11.915041
325.841168 -503.935946 -15.986535
-529.240598 -143.425117 -55.492742
-41.214177 -481.051737 -43.214645
130.843016 151.025879 -100.724487
-475.605486 66.591041 51.193103
162.174418 25.557288 -9.179507
93.776373 262.628668 -68.947755
-195.215986 -354.117656 -36.630278
258.930037 372.878696 49.284591
19.961713 154.858702 27.893347
-391.701052 111.570347 -79.810372
-192.879407 225.089548 -82.498193
-234.937832 -290.199695 -51.071355
-29.212657 -210.274061 -43.564539
-60.862684 333.310435 -66.259933
-225.379099 -259.875300 3.830186
-485.695259 520.555115 -48.129065
-203.606429 161.847967 -51.548483
222.394436 -321.200469 -48.526672
53.417279 486.285167 52.544966
-102.814901 -398.871502 -23.509255
-443.212002 -267.315486 -50.498801
85.173514 -420.853869 -51.818856
195.523775 -196.182799 -83.213885
329.239828 224.525898 52.370019
271.143974 -563.119243 -61.997589
-51.728784 -236.314711 -52.629974
30.901152 502.743760 39.455752
469.540786 62.307298 -64.319612
358.234652 -415.330095 35.750057
201.577639 -201.255653 -51.993803
49.487577 302.309660 17.937274
49.487577 -552.184424 -56.351573
283.888951 -326.047863 -25.767661
-1.810956 222.045836 -44.057572
-400.941161 -226.732654 34.223247
-186.719334 16.651611 15.726580
311.184444 15.862501 -77.806433
101.529568 145.051184 -101.885499
-370.034591 -400.900643 17.666901
262.010073 392.944653 -9.370358
373.316208 -548.238871 -32.256603
-479.853811 -222.336180 20.529670
-318.736057 358.561975 -31.684049
258.505205 226.442309 47.805494
299.289132 -459.069370 24.887440
-292.396438 359.576546 -48.638002
171.095902 359.802006 52.322306
-304.504166 -346.902930 44.004373
195.523775 -254.915176 -10.658604
-370.034591 -297.639881 21.976959
340.073059 48.892417 8.665084
