232.100911 35.077031 -293.993074
-510.578725 399.018549 -116.248822
603.632371 231.160362 176.165616
-596.562450 314.207419 -164.674839
40.841421 30.463305 -0.977411
-35.560166 496.178178 17.223338
108.171916 458.318490 76.143481
-132.020363 387.484235 1.263522
-279.457538 98.312209 -142.976048
251.265188 -569.592396 -168.172881
-160.255732 217.047790 -207.525852
427.959827 -561.586226 23.672853
536.812924 55.703097 -237.259208
430.387302 -676.929362 151.733980
-196.284573 -380.701049 85.544468
581.529571 -176.747246 -81.213746
-53.063539 508.798074 94.890799
351.686003 355.866646 14.271865
615.003176 60.316823 -110.837788
48.123846 172.538909 244.705374
-244.323029 -369.980923 172.940858
432.942539 456.554419 -54.595834
416.589023 -641.647932 226.887223
504.489176 144.313765 39.250071
450.573675 31.413190 -200.201827
-221.581420 286.117973 64.993472
-217.748564 -450.314024 -121.714512
281.416985 -159.377926 48.487087
373.277755 -557.379594 185.949202
519.181788 -385.721868 -20.107327
79.042214 -30.465010 -10.433055
549.461347 155.712381 -157.569442
421.699497 -412.590034 153.920256
305.947260 -350.983230 103.854531
280.905938 -232.247649 91.993983
176.268982 327.234409 4.870878
18.738621 -177.697130 -102.693910
587.023331 -65.475044 -76.731880
-9.496748 661.458107 25.968443
54.000891 -341.212988 -125.977751
-245.217362 496.856667 9.407401
74.442787 -144.586866 -242.724898
294.576456 -71.581445 150.804812
-438.776565 320.992310 -121.222600
-195.773526 417.744846 27.608150
205.143160 -24.494307 129.324649
261.102851 -209.721813 -189.707701
11.072910 -89.222160 -239.117543
-99.441091 -280.284672 -48.310290
-75.294101 237.809554 140.911912
178.696457 592.387923 -23.496055
164.770416 515.854360 -177.847153
253.181616 -348.540669 180.319540
127.208432 -160.463509 -217.418752
-19.973220 54.617515 -138.931437
204.248827 181.359266 -38.362733
531.446926 249.208170 237.818604
160.170989 174.981469 -250.650149
545.500730 -308.509816 -17.975708
615.641985 50.139487 -189.161132
116.476436 -645.176075 209.178386
-66.350772 -585.333342 78.930983
481.236519 185.158805 -84.821102
613.470034 226.682334 -80.065951
-149.012689 423.851247 -58.148533
-545.202187 120.702347 -2.999716
-57.279680 626.176677 92.431238
-136.619789 593.202110 -239.992053
-311.525762 -453.706469 197.700436
-116.561179 243.644560 -282.460468
-65.711962 588.588385 -199.272659
262.380469 -634.998739 18.152506
-335.289467 -136.987788 157.855553
-177.759105 369.436427 144.409954
-554.656564 -76.873660 -210.914580
340.059674 198.728586 142.442306
-250.455598 -438.644013 47.011351
-411.052244 -339.041823 40.835121
473.187522 22.185739 175.127135
-379.367305 11.872706 -256.662409
615.769747 29.377723 84.014075
-345.893700 432.400209 -257.919518
62.433173 642.189018 -216.380270
-306.798574 456.825814 83.139565
-398.020535 -408.519100 -41.150236
260.591803 -319.501339 -278.306543
468.971381 560.634636 0.607639
-1.064466 646.395650 -101.218173
-462.795793 -224.512874 -157.405471
-218.387373 477.451881 126.810431
171.541794 57.467169 158.784720
343.892530 655.216008 83.412849
-89.220143 -247.174407 -254.421476
548.950299 -227.905319 -239.554798
-51.019350 -419.239227 -205.558203
-28.405502 423.172758 -270.763890
593.794709 336.461860 174.252624
253.948187 -205.515181 60.566263
-292.872532 -337.820542 48.651058
325.367061 568.505109 115.551109
