232.100911 35.077031 -293.993074
-88.964619 14.450964 89.534422
-576.887125 393.726334 -1.305352
-503.679585 -208.093439 -176.644701
-268.342257 360.073278 82.429025
573.480575 482.201304 -170.195186
316.040446 -463.883805 -50.223282
333.799344 -616.408140 -74.818889
-246.111695 486.272238 139.654804
231.973149 147.706210 239.075712
605.421037 184.751712 210.052896
-248.539170 -485.459756 -6.880357
285.377602 237.131065 182.505817
-245.728409 416.794961 -208.837618
294.448694 238.623741 -253.109710
398.957887 -169.826658 -99.250525
4.812579 547.607647 214.753390
-307.181859 356.680833 -33.935524
-329.540183 -482.610102 14.873091
267.618705 351.252921 126.974402
92.584970 -506.764312 -78.043646
116.859722 -64.932253 -190.308927
174.608078 -208.229137 -87.608604
45.313086 655.351706 -15.078892
-445.164658 28.970629 -217.364095
-123.843604 -513.277807 -66.511039
-201.267286 552.899861 176.493557
-166.132777 229.396290 -84.219876
31.514806 -166.434212 -2.015892
260.591803 234.824202 -171.288324
386.309464 -209.179022 126.974402
-129.209602 154.762496 64.665531
-165.366206 -535.260851 -124.392701
10.561862 -1.561377 -64.925989
248.454428 649.788095 -238.461660
280.011605 -276.485134 -34.263466
-174.309535 541.501246 166.327373
-595.284832 345.689310 -28.579148
578.080001 -14.452669 54.554004
149.694517 -178.647015 115.660423
397.935792 445.155803 -140.133889
573.352813 403.225181 -127.945399
-350.365365 -383.550703 -20.325955
339.804151 2.645255 -273.442078
57.322699 193.029278 17.824564
220.857868 -182.853647 66.851807
-128.315269 -104.827408 -263.713150
47.229513 -549.780517 96.366536
88.113305 -25.037098 149.493046
-173.798488 496.720969 -57.328679
500.145273 360.208976 -45.413474
-278.179919 -273.635480 -206.705998
401.640886 617.492017 37.883648
-47.569780 -7.667778 -267.703104
428.981922 -102.656243 34.658891
-500.102253 -10.110339 -150.136103
358.201857 -326.150531 -153.196889
104.977870 -77.009358 -280.711447
-4.130751 630.790403 -185.389806
211.147967 313.800326 -193.151086
406.495836 362.651536 -77.059822
-190.918576 -320.722619 -184.460638
516.498790 430.500440 145.831034
473.698570 -542.317137 155.614620
185.084550 -16.488136 99.591293
251.903998 -27.479658 35.915999
-258.887880 -109.712529 -169.812588
-40.542878 590.352456 73.793234
153.399611 -508.935477 166.546001
94.501398 -350.847532 191.141607
362.290236 -462.798222 83.904761
402.407457 81.485681 -140.461830
-226.564132 -229.126599 -163.745672
-90.881047 23.678415 -142.046881
-31.088501 -78.094940 -262.838639
-207.910902 -244.731847 -55.743629
16.438907 -351.933114 -271.474430
-101.996328 519.382503 -143.741245
-365.185740 64.930548 -285.466597
598.521897 -275.806645 -197.414325
425.915638 502.827371 -172.818718
-16.140364 535.937636 -29.672286
210.381396 -491.159064 -37.980135
-392.271252 142.006902 -271.966342
-189.896481 -605.959409 155.286678
424.765781 228.989197 162.337419
639.405690 -122.603821 -1.906578
236.317052 466.867452 116.043021
-534.342429 207.413245 -226.601112
-204.333570 -609.894645 -33.334298
474.848426 275.533544 -67.822805
111.110438 639.203667 -220.096940
385.031846 -164.670141 39.195414
-477.616168 -48.241423 -169.047391
74.570549 -238.354050 -40.658323
572.202956 417.337752 78.056473
372.127899 304.572875 29.357171
-173.287440 393.862032 148.126624
452.106817 -63.846670 -83.946592
542.306683 -215.285423 242.464441
