254.370487 40.074791 -398.602901
352.833796 -481.997755 -103.074811
636.209269 -48.626856 -270.821066
644.633199 31.428244 -89.318705
587.184760 217.179926 -21.124930
-97.915493 229.702512 34.421051
37.005480 675.894153 -222.772488
-31.628833 -391.059933 -306.287045
-48.476693 27.999441 -53.265973
-29.695472 -550.722896 -177.722872
-102.472701 -551.766445 -117.743644
366.643517 -415.657869 -43.356361
154.111913 449.742225 113.828334
339.852659 580.931215 -261.302623
-106.615618 -609.012549 74.581056
110.749389 -426.838748 180.066265
646.704657 283.221656 -116.700527
-327.018763 406.509490 -345.664712
-134.925545 441.244757 -148.385206
172.202647 -311.601148 51.045729
397.301098 532.182579 114.349893
651.538059 128.329202 -314.957955
284.061386 649.209120 -137.888841
-271.365588 143.237041 -275.515093
349.657561 -426.838748 187.694058
-83.691481 99.407993 -236.528594
232.274933 -168.485887 -61.741299
-94.739258 322.429274 7.691178
450.192329 137.273905 -126.479749
-429.624989 -246.453888 -52.027272
-231.041203 -539.691095 -201.584174
8.971746 454.512734 -127.196892
340.128853 -497.203752 15.710140
286.685233 22.334461 -250.349895
-411.810449 -286.705055 -116.570137
-219.717232 644.885847 35.007804
-79.962856 -597.533513 -253.609635
204.517394 -161.181045 -1.631681
427.958678 -27.606802 -104.509097
266.661138 647.569258 40.288584
426.577706 -242.577850 -349.250427
-166.826001 -235.273008 -135.411438
380.729433 478.961591 25.032998
382.386599 -315.477186 103.397164
-245.541410 266.524876 -296.833797
53.991436 255.493074 -151.710142
-275.784699 251.020722 -167.422092
-156.468710 336.889879 -85.146237
452.954273 426.933231 -144.538712
-210.602816 607.616248 -23.993502
-288.627739 205.849968 -52.288051
400.339236 -173.554552 148.707559
120.139999 404.422393 -277.927301
429.063456 -433.845433 -118.591176
205.622172 -670.432849 58.869106
210.317477 499.385332 -218.078462
-524.912064 97.619052 -135.607023
273.151707 186.767933 -33.772724
7.452677 646.972944 -68.325975
444.806538 -52.502894 -200.280278
620.466187 242.970489 61.476899
269.699277 -312.197461 -243.374050
-469.396986 321.087569 -54.504675
200.374478 -719.628720 64.541055
-495.359261 -214.402033 -177.136119
482.368978 18.756580 -0.718953
74.153629 15.775012 40.353779
192.502937 101.793247 -280.274314
-464.011194 -156.410536 -177.853262
248.156112 -588.290652 -179.222353
-164.616445 -247.646515 -18.517137
151.349969 248.039154 95.769371
348.000394 480.452375 -230.530671
-201.902692 125.645790 67.409627
124.697207 -157.752242 -35.011425
23.748148 -563.990874 -25.362593
-152.325794 63.480099 -374.806794
-70.157954 605.230993 60.498977
-75.958037 -315.626264 -43.747530
16.981384 201.377616 -2.609603
365.262545 -514.347767 -263.780026
134.364012 244.610351 -326.497437
-2.214128 -58.615108 -228.053268
192.088645 -718.287014 4.170658
186.840951 494.316666 87.554824
207.279338 184.382679 48.177157
-100.401243 -596.042729 -178.114041
519.240933 34.857047 -287.445744
-295.946891 127.136574 -367.048611
383.905669 -26.712331 -259.411974
539.126931 -119.140937 -260.976649
306.433134 681.260976 -264.040805
7.866969 -32.824545 -231.834568
252.022834 609.703345 -132.412477
-373.557523 461.370340 -159.077156
-224.826829 308.714062 -274.211196
431.963497 -168.336808 235.677441
-286.970573 352.990346 -117.222085
143.616525 -250.628083 -170.225469
-32.871708 -560.114835 -143.104426
