242.887115 39.198107 -345.676073
124.897274 198.832681 -342.383596
-617.854087 275.173481 58.221006
469.565795 262.402715 133.469061
-403.931065 -158.039277 -23.013370
-193.861315 -122.848722 -122.745478
-360.880718 443.747591 -33.369706
538.526074 -159.316353 112.576800
-341.082873 -486.531754 -47.018518
389.842930 -482.274832 -46.180433
199.836768 -608.421620 64.865822
482.321454 282.835941 -340.108794
91.147928 326.824134 -151.719272
-19.666855 671.634813 -102.152534
-526.438535 72.402099 -285.932589
-197.581716 517.534238 -27.682701
511.420300 426.436108 18.711287
51.685110 -411.468031 -319.336260
68.161169 531.865875 -124.421648
-106.564778 -557.622351 -67.671325
-151.608197 -689.161240 -268.991301
301.350550 585.361195 -5.772766
-70.689488 256.301127 69.774605
-82.249304 221.820059 -16.548144
-424.659010 -17.702749 -215.473591
-50.625901 369.677149 -204.518623
130.743618 522.216852 -196.975859
107.092501 -432.894538 12.126334
221.096199 460.917176 211.111644
-249.002964 427.713185 -168.121792
496.804441 -298.233906 -326.938888
88.490499 683.837989 134.726188
76.532069 425.868519 -263.184569
-151.076711 87.585120 72.588176
282.748548 282.552146 -67.012830
-146.293339 477.235377 -327.657246
417.878804 336.756952 -25.707215
528.029230 436.652721 43.973562
388.647087 418.631751 86.117262
582.107907 -237.785615 -229.900624
161.702664 327.959314 5.840697
-214.855003 643.964820 -65.157070
186.151009 157.540538 -276.893244
380.143315 407.138062 -347.232516
65.370868 619.700365 -125.319596
-39.066085 -78.151041 24.697608
465.313909 -262.475762 -85.271109
121.974103 370.954225 -272.104188
27.369636 -499.444418 -46.719202
381.339158 -386.494088 -166.206169
133.002432 278.579019 201.533531
361.674184 560.812945 -159.920532
349.715755 92.977222 -221.220459
170.605051 -295.395958 -338.193171
12.355163 296.458091 -140.405125
-312.648385 146.046849 -258.694828
243.019986 568.901097 -187.517472
138.848776 -110.219853 7.935909
161.702664 -352.154918 128.141235
112.008745 42.461748 134.067693
-507.570790 195.710938 -52.825249
-410.840380 -57.434021 6.918235
197.179339 196.562323 -301.856203
-288.200039 277.585737 -20.558979
629.808755 196.278528 18.352108
-453.093499 111.707678 51.755779
-110.683793 499.513269 -177.221000
93.805357 288.653734 -83.654802
561.379962 -259.921609 -55.818409
-254.317821 152.432232 172.799190
183.892195 11.953807 -57.135400
-287.402811 -203.730239 -74.615457
292.979649 -232.961103 217.756461
-294.577868 -473.335296 -167.044254
368.849242 541.656796 -127.295082
236.775029 387.272426 -84.373161
516.070800 315.472343 247.927518
-19.002497 -100.570830 124.908622
-202.497959 -187.695833 86.536304
-464.653314 444.598975 2.667947
-266.276251 533.710542 -198.771755
53.678181 675.040351 -205.656024
56.468482 294.755322 228.891018
149.744234 -58.427303 -173.569344
-6.645453 551.163922 -311.733633
-13.421897 360.170023 -201.106420
-99.655463 579.117709 56.544836
150.275720 212.596729 188.782667
-390.245307 377.623403 -158.064772
553.806290 -190.249986 59.298544
-469.303815 353.075153 -49.113730
29.894193 -348.181791 132.152070
8.634763 242.962772 -192.725571
174.989808 334.628491 -123.403974
-16.079326 161.229870 105.991847
-557.796195 70.131740 -17.027049
179.906051 -627.577769 -26.964342
-264.150308 -388.906344 18.411971
-360.482104 -132.923437 -293.595080
-91.948919 417.212777 211.830003
