232.100911 35.077031 -293.993074
-282.523822 -142.280003 -26.392871
298.281549 277.161918 -85.914240
-525.015814 234.552807 -6.935013
-57.407442 -231.840555 -225.726601
195.561022 234.010015 -31.749248
-173.542964 159.511920 -220.042283
22.571476 172.674607 -39.018616
-143.135644 -80.673199 -168.336852
601.332658 94.512670 -183.750099
-608.061017 227.903614 -90.833361
555.849439 173.081700 -237.149894
300.581262 0.066997 -43.555139
437.414204 489.664683 12.850786
530.808117 -160.734905 -166.041262
-22.017410 287.067858 -138.658153
-125.248985 -30.600708 -285.739882
540.134732 76.329164 -3.163687
-243.428696 498.485041 41.545661
133.341000 -600.124403 133.423917
206.165255 266.034698 -46.834554
514.582362 -202.529829 102.050854
-23.550552 202.935218 -74.545604
88.368829 56.245889 -33.552926
-21.123077 472.023969 107.243259
237.083623 71.851136 -271.802371
-317.786093 345.825008 -94.440717
197.988497 -612.879997 14.927748
-607.933255 274.719357 -43.117884
-249.050218 -446.514486 114.676598
57.578223 -525.897703 -165.604006
447.251867 316.242886 -174.950337
393.847413 -190.452724 70.787104
307.352641 257.214340 15.255690
-66.989581 -407.840611 -53.065441
178.951981 -341.755779 114.949883
-65.584201 174.438678 91.338100
283.333413 78.771724 175.564390
-45.142304 -212.435769 39.031443
-294.150151 -308.238421 52.422385
134.618619 -379.072676 25.749815
-244.323029 -449.635535 31.980702
495.545846 264.542022 158.292808
204.248827 -315.159009 86.036381
-71.972293 -207.143554 -41.970089
26.915379 44.982971 -127.836086
-267.703448 369.029333 -70.227709
-60.984774 -42.406417 -86.132868
-12.563033 -95.599957 -216.270957
166.175796 -76.466567 -235.455530
342.359388 -673.808312 153.810942
532.596783 -105.098804 -187.029513
287.805077 102.790236 164.469038
-112.472800 274.447962 -100.780918
395.636079 -506.357218 79.914807
226.479389 -535.939340 -48.146319
-114.772513 568.233714 4.980192
-471.483599 -19.609185 -119.090981
304.925165 219.897444 55.647142
-52.808015 73.479510 45.972870
337.632199 166.025414 167.803109
121.586910 159.919013 -247.261421
111.110438 -292.226079 28.755945
-29.810882 -593.203815 79.750837
331.755154 -535.396549 -15.352177
-145.946404 199.271377 -199.381973
-413.224195 28.427838 -203.371927
-19.845458 -506.764312 -182.383676
412.756167 -277.027925 -94.003462
-95.735997 -109.441134 -93.620864
182.146027 291.545886 -19.123503
158.126799 227.632219 -216.161643
-375.789973 204.563591 -28.305863
-279.074252 -451.942398 -88.373801
-40.031830 607.450380 149.001134
-161.788874 -275.670947 -160.739542
-233.591034 140.649924 -28.087235
449.296056 126.673050 -156.694931
339.804151 -83.794248 24.547363
-40.031830 -418.832133 51.001305
-70.183627 -157.885251 -80.721834
-363.397074 -233.468929 -31.093365
-271.408541 7.666074 -16.991884
331.116345 -375.951626 118.502582
-481.704547 56.517284 -144.670412
-262.976259 -448.549953 -174.677053
-159.616922 115.952924 -130.350303
-216.854231 570.947670 -166.751801
-209.827330 -375.001741 39.359384
-69.417056 654.401821 40.616493
-46.419923 185.430201 -130.240989
28.831807 -353.290092 -143.194676
483.408470 -59.640038 82.265054
-372.595927 -265.765007 85.161870
270.684990 -505.135938 -55.634315
173.330460 97.226626 149.493046
394.486222 -34.400246 118.338611
346.958814 485.865145 69.092740
424.765781 -260.472793 -238.079061
312.463115 -431.859123 -80.339236
