189.469911 27.811890 -103.348692
350.800082 -203.622985 49.141452
58.727686 -251.420543 54.310340
157.607468 126.676179 -35.898681
-270.623768 555.163252 31.217340
177.893223 -270.246469 35.861387
5.517406 421.352635 -76.677230
-288.891569 431.047423 -56.685562
-255.542212 396.213825 -68.311584
64.569134 -218.954277 -84.311280
375.865203 21.949925 -60.168598
137.958961 -203.172065 -75.404889
318.300390 146.291215 47.471504
258.186580 -156.276347 -2.881416
214.110200 -282.195858 -48.781140
-268.287189 181.913924 15.853815
41.840591 485.608787 -63.747058
-402.534283 -40.953465 47.423791
-377.893993 -296.399850 20.688713
74.871324 258.457655 2.828217
236.095286 -132.941219 -28.232823
55.860066 284.611036 -70.824459
297.908426 212.012858 37.372292
-363.343478 84.740586 -42.848847
-188.843497 211.336477 -57.942000
28.989406 -91.907466 -6.666632
67.011921 -91.118355 5.881837
400.930325 -193.702737 -32.511072
-523.823983 -69.699638 -46.156935
-273.172764 -31.709598 -3.247214
-197.340149 -152.668984 -26.944577
243.423648 98.268197 9.937426
-268.180981 465.204640 -11.612860
422.702995 434.429326 17.810040
525.087646 180.222972 49.364112
-73.820078 -140.494135 -46.459117
395.832335 -434.381480 34.398194
490.357583 250.904739 -75.961538
-220.174900 -493.001127 -51.818856
-323.515424 22.851766 -21.378082
400.505493 111.570347 -36.582565
-394.887296 -16.716496 0.188108
-349.961252 -358.965050 42.668414
257.018291 144.712994 12.879716
-216.457615 -142.523276 15.694772
208.268753 -392.558617 -48.653906
-316.505686 -306.545558 -17.402015
-142.005706 -272.839261 39.471656
-133.296638 484.481486 -70.490469
-411.455767 128.028940 32.632820
-266.694067 -33.513279 -34.944425
0.631831 -8.374469 27.177655
-147.316113 60.503616 -23.445637
465.186252 236.475287 -55.206465
-453.301776 -231.692778 -57.099073
343.153095 -87.398262 -79.460478
-215.820366 445.025954 -6.809771
223.987558 -62.484912 -24.861118
79.119650 348.867187 14.438334
200.196934 240.871761 -14.189352
88.678383 207.729114 10.144181
-482.721431 357.434674 -21.473508
-497.165739 -207.117618 -20.248879
32.919107 74.933068 18.064508
13.589225 -434.268750 -41.226612
-175.461271 358.787435 -6.316738
-501.945105 -232.369158 50.095709
306.511286 -44.899018 40.155540
306.192661 482.226884 -21.187231
-492.917413 264.545080 44.258841
-46.843209 231.402433 -52.168750
79.119650 -58.877549 -14.555150
164.298581 -544.969699 19.782169
-126.499317 57.685364 -69.870203
193.399612 346.950776 -74.355207
-148.590611 94.773564 24.903344
-308.115243 100.860989 -16.002439
389.884678 -502.583185 -81.130426
345.064842 207.390924 44.449693
-107.169435 -161.912852 -84.486227
191.063033 -237.103822 -24.956543
-298.131677 17.327992 3.162207
164.617205 448.633317 -27.214950
233.971123 -60.343040 37.499526
156.864011 -459.069370 -50.944121
485.472008 -526.481964 -16.320524
47.150998 386.744498 -58.848543
247.034725 -513.292543 -58.800830
125.957441 204.347212 -63.572112
-277.208673 -266.526376 15.567538
-89.751299 308.509815 9.380777
-438.857468 -247.813181 3.114494
-290.166067 268.377903 -32.558784
-381.080238 -69.023257 3.687048
-270.305144 89.362519 0.474385
382.343900 -498.299441 -15.604832
-178.647516 -92.358386 -45.950180
-143.492620 287.992938 -74.275685
-187.250375 527.206190 35.543301
130.736807 52.161590 -40.081504
