254.370487 40.074791 -398.602901
-657.347287 269.357365 -115.592215
523.798141 -277.909430 -240.114309
396.610612 -587.396182 -143.560790
-366.652662 423.951663 -316.587825
525.317210 471.209515 29.270661
-20.028668 -644.642286 -3.783110
260.446764 -463.959269 3.127541
-174.835639 167.984055 141.014571
621.709062 -87.089082 -41.465712
-40.743249 -627.349192 -81.951691
-14.090488 -486.321029 -211.624175
-490.663956 316.615217 -265.344702
64.901116 328.392410 -379.435626
-165.030737 215.838221 97.529631
-85.762939 731.500396 -126.544944
-119.320561 -680.719258 -106.986500
-301.608877 365.512931 -297.224966
106.054084 -157.752242 -255.043921
437.073094 -531.640862 33.051960
7.176483 124.751320 -80.256626
58.962936 -598.577062 -281.969379
523.107655 -135.837718 231.830947
97.630154 -437.423315 157.117690
391.362918 -330.683182 71.842874
659.547698 -139.713756 -121.068579
159.911996 -85.449220 -137.041309
-133.544573 -22.239979 -145.972998
-60.353053 140.851787 54.305469
313.199898 153.076216 -4.239473
-218.750551 -329.192398 62.976379
594.227718 282.774421 -90.622601
300.909246 -112.283331 -284.707561
160.602482 -659.251969 -184.633523
383.491377 571.092040 -66.826494
1.652594 719.723202 -146.429362
-140.725628 584.509096 -139.714296
86.996669 286.501381 -37.684413
-37.014624 195.712637 -272.907300
-237.255577 -567.270598 119.500283
516.340892 244.014038 7.560788
95.972988 -669.538379 3.909878
207.003144 21.738148 -396.190693
197.336339 22.036305 131.496129
523.936238 -139.117442 -52.939999
-401.867450 296.489633 -121.003384
77.744156 -153.876204 -68.586754
524.074336 478.067121 41.331701
126.906763 -602.304022 -127.653255
553.212847 -25.966939 -110.767799
484.026145 511.460682 -134.172737
87.134766 251.169801 -182.090925
-362.785940 -176.237963 -200.736641
-192.097790 -300.867503 27.901570
41.562688 -90.070650 57.043651
323.695285 195.563559 -51.179739
182.836132 338.678820 63.693522
-180.359527 -582.476595 128.627557
116.825666 696.019737 -223.098463
-320.252000 -63.087460 -104.183123
-84.243870 410.981842 93.226773
-277.027573 589.875918 -169.182352
151.626163 130.714456 161.094574
170.407383 -691.900138 62.845990
8.971746 -385.394954 -164.553520
54.958117 308.415905 48.894300
-193.616859 -238.552733 -316.522630
-112.277603 -243.323242 -350.684713
77.191767 3.997819 -3.326746
-315.418598 -205.010094 -331.582632
155.216690 597.627995 175.372238
312.785606 25.017873 119.304698
-321.909166 353.139424 -207.777681
251.470445 346.132740 -106.269357
-46.819526 31.279165 -308.829642
207.417435 103.582188 -244.612751
-485.416262 309.161297 -97.989615
262.932513 145.622296 -264.366780
494.659630 -294.457132 -253.022882
-32.319319 262.946994 -396.190693
424.920540 417.243135 -204.648330
219.431893 614.026619 35.529363
-14.919071 513.845936 -327.866528
90.725294 -308.172345 -66.630910
-175.664222 -433.249120 87.424435
270.527860 -632.566936 -28.231165
390.810529 197.203421 187.433279
-127.744491 519.958150 -152.753259
606.380272 290.228341 53.131963
-468.568402 30.235616 -304.070421
-410.291380 -29.992056 -8.803110
287.375719 296.340555 7.495593
-243.193757 2.507035 -338.297698
-212.121885 90.612367 -188.740796
111.025584 -428.031376 25.358972
-274.403727 480.601454 -345.795102
230.341572 -640.766248 53.197157
176.759855 -284.021644 138.732753
508.193157 8.022935 174.003147
-79.686662 44.845299 -273.689638
