232.100911 35.077031 -293.993074
614.236605 324.927546 -52.245587
-6.174940 -215.014027 -249.393041
-195.262479 591.302341 -71.320847
538.346066 -190.995515 23.290255
6.090198 -485.595454 -169.757931
-578.164744 151.505749 -171.506952
-174.692821 -104.148919 -250.540836
-405.814008 -243.239171 89.534422
-171.882060 -151.914547 75.542255
202.843447 521.417970 49.252284
16.055622 114.188852 178.242578
144.967329 -190.045631 -225.671944
229.673436 497.399458 -140.789772
223.796390 -532.411197 -28.633804
316.679256 -241.339402 37.063794
158.254561 -286.391074 159.823201
92.073923 343.246750 116.152335
-232.952224 75.922071 16.239514
-435.199233 -320.722619 95.765310
261.486136 381.920625 -231.137635
468.204810 163.718552 116.480276
-75.294101 243.508862 48.104489
-87.559239 582.210588 -25.900959
321.278682 -163.855954 123.531017
624.202029 -108.898342 -163.854986
-67.500628 102.111747 155.232021
-46.803209 528.609954 207.975934
20.016239 -584.112062 -91.543901
-353.176126 -123.825101 -87.171349
-431.621902 431.314627 -142.374822
-98.930043 645.852859 -159.318462
465.521811 -96.007051 152.280549
-176.225963 -153.407223 -291.369543
103.572489 667.835904 131.346954
395.125032 -175.390268 95.109427
-97.141378 -375.408835 -180.907940
-482.854404 183.394734 -182.329019
351.558241 -61.132714 -64.762018
-419.101240 -59.911434 52.367728
-360.075265 -287.883750 -96.135081
-98.035711 83.792543 -282.241840
509.855173 349.217453 -247.097451
459.005957 407.974604 -297.272489
90.029733 -614.915464 -31.421307
-311.525762 4.952118 -50.223282
74.570549 -554.801335 -159.482433
402.151933 -291.140497 -204.246438
-285.462345 344.196635 -174.895680
600.821611 419.101824 -246.222940
-227.586227 -297.518294 -93.894148
-63.156725 394.133427 -36.012487
453.256674 244.865840 -186.646915
3.918246 386.670048 -27.048754
4.940341 -264.408029 -231.465576
630.973407 169.010766 -190.582212
-441.204040 -172.812009 -240.975877
374.555374 344.332332 -128.382655
-238.701508 -110.798112 -171.725580
280.650414 22.050041 65.157443
271.707084 115.681528 130.636414
294.320932 -488.987899 -71.594131
429.748493 -419.510622 215.081332
-436.604614 -304.981673 69.857937
377.749420 33.448657 -171.834894
326.005871 -595.374980 79.532209
-68.394961 577.325467 154.685452
81.086404 -4.275333 -126.196378
92.201685 39.147965 142.824904
521.737025 -191.538307 35.806686
-340.144417 332.390925 -229.497927
-88.964619 280.961457 -242.396957
-142.369073 -324.793553 73.574606
144.584043 -55.569104 -233.050626
510.749506 -461.034151 -56.235541
530.297069 -355.189862 118.010670
-422.678572 -326.557624 -36.285771
-279.840823 370.929103 92.923151
255.736853 -312.037959 97.241046
623.307696 -85.694017 -213.866053
439.202870 136.714688 228.690901
129.380383 451.940693 -78.808843
-15.373793 -669.194587 5.034849
156.849181 -14.452669 -209.602814
563.642912 -263.322446 -104.005675
406.879122 -611.251623 -228.240819
296.620645 536.480427 29.083886
102.167109 53.803328 95.983937
503.978128 31.006096 179.062432
485.963707 504.455744 -0.977411
43.524420 -139.023255 80.297406
-12.435271 -538.924692 122.547193
-149.395974 182.173453 -133.575061
374.044326 116.224319 -32.842386
19.888477 -572.170655 25.531188
-451.936036 425.072527 -165.002780
393.464128 -296.297014 -257.810204
-195.518002 308.915205 -155.601793
595.200089 143.363881 -17.101198
617.813937 -194.116565 -103.513763
