189.469911 27.811890 -103.348692
187.345748 -66.317735 29.102072
501.403230 326.884820 -12.408074
-50.348078 262.065018 47.407887
181.929133 340.074240 -13.107862
212.835703 -228.198145 -74.450632
-62.030974 -362.346952 6.836093
413.356678 -234.285570 52.449541
440.758379 -76.914364 33.762023
-463.285341 -368.772567 36.227185
-226.016348 -159.094600 -69.408979
-341.145976 -210.950441 -64.717219
305.236788 189.015919 -88.335060
-271.154809 20.371704 -28.789472
317.769349 -447.909091 -55.317795
-281.988039 93.984453 47.360174
-460.630137 -102.955015 9.826096
-220.174900 -9.501770 -51.946090
194.355486 454.833472 32.044362
76.783070 95.111754 -18.419888
-323.196799 -290.876075 36.815643
493.756243 183.379415 -66.880200
-229.308800 -300.345403 -23.509255
236.201494 409.177786 -90.847935
-406.782609 -272.388340 16.664932
-112.267426 179.433862 47.964536
85.067306 -69.812368 -58.498649
-507.574137 538.253739 -90.036817
-237.486827 120.476024 -83.706918
105.353061 -28.102235 30.644786
-440.981631 -113.213453 -70.172384
-420.058626 27.811890 -34.944425
417.392588 -435.170591 -67.102860
-229.521216 -88.074643 -44.168902
-439.813341 192.172362 -52.327792
-399.348038 158.240605 -91.404585
18.474799 -392.671347 13.277323
220.907522 -233.609189 -81.146330
448.830198 81.133223 -20.964571
392.221258 529.460792 -49.321885
28.458365 295.320394 -7.954878
70.516790 461.484547 -53.138910
-136.801507 486.848818 1.349120
29.626655 -70.826939 -6.555302
-154.963099 54.303461 45.356236
45.664084 -380.609227 41.507403
416.542923 -94.500258 35.161599
78.588609 -75.561603 -89.925487
120.965658 474.899428 -16.241003
-95.061706 -436.523352 4.195984
-472.737866 -7.472628 -46.395500
338.904769 256.879434 28.068294
343.259303 -6.119867 -73.559993
77.420319 445.589605 -93.885651
64.144301 341.765192 -55.779019
434.173474 107.512064 -77.186167
45.026835 209.194605 -23.747819
170.352445 297.124076 20.959085
513.829582 -75.674333 -21.648455
-93.787209 -39.938894 24.823823
120.965658 -435.170591 -86.044845
308.529240 80.907763 -22.857179
-258.516040 -341.379156 -65.114826
62.869804 -276.221163 -63.126792
-355.377867 -235.074680 46.787620
230.997295 191.721441 -21.982445
139.233459 -528.849296 -64.749028
415.056009 -399.773342 -30.523038
-109.824638 -198.888321 48.028153
-226.016348 -97.431240 -58.101043
253.513422 -74.096111 -14.634672
125.745025 330.604913 20.545574
265.196318 389.337290 -82.959417
-275.296926 255.301212 -87.221761
-288.254320 545.130274 -33.640275
222.500644 -63.386753 31.519521
78.801025 532.053584 -7.700410
375.652787 -30.018646 -44.582413
89.740464 -200.579273 -67.261902
-302.804836 167.146282 -59.500618
-29.212657 -15.927385 -91.834000
-340.721143 434.767516 -96.827941
-80.829815 -303.952766 -38.968205
-282.306664 -167.662086 -96.096344
-250.869053 -328.527925 16.474081
73.596826 302.535120 -92.804160
366.412679 -327.287894 -48.892470
519.033781 46.637815 27.161751
92.289459 350.332678 13.690834
331.788824 -280.955827 49.729910
527.105600 -221.434339 -20.694199
520.733112 72.565736 -81.623458
51.611740 167.146282 15.710676
355.473240 -33.626009 31.471808
36.105351 -489.619224 41.077987
-287.723279 -316.691266 -52.534548
125.957441 -436.861542 -1.974873
26.971451 197.921596 -53.743272
304.705747 -155.712697 -3.676629
368.855466 452.917061 16.808071
