254.370487 40.074791 -398.602901
-112.553798 312.590100 -187.436900
167.645439 -685.340689 106.396125
-115.453839 531.735344 -135.281049
170.407383 -39.234917 -379.566015
-166.549806 -80.678711 -55.352207
262.932513 -125.849465 -140.627023
432.653983 235.367491 55.218197
-657.899676 265.779484 -122.437670
182.283743 317.211531 -129.478710
-374.524203 82.711212 -125.827801
293.037705 -142.993481 -127.522866
-37.428916 -587.992496 -136.780529
506.812184 11.600817 -345.860297
231.032058 -691.154746 148.381585
176.069369 209.129693 38.463130
5.519316 -456.505349 -18.777917
-112.415700 619.095284 48.437936
-4.561780 192.432912 -270.951456
342.752700 275.767736 -322.064190
-297.742155 -393.892423 -153.470402
114.201819 -613.335823 135.929376
122.625749 59.753139 -82.342860
-219.717232 450.785774 -248.915609
319.966661 122.216987 -148.254817
79.677517 238.199980 56.717677
14.771829 507.435565 -341.231465
278.399401 -114.966742 -142.126504
178.555119 445.717109 -262.867299
-174.697542 684.391622 74.581056
-393.029229 -226.477383 -275.058729
108.816028 -541.181879 -185.350665
268.318305 -575.618989 -265.279507
-105.372743 -576.513459 -60.893766
-408.772311 -304.892620 -14.735838
77.467962 540.978204 127.193271
288.066205 280.836402 14.536633
248.018015 -608.416236 164.615094
648.914212 -151.341871 -188.349627
-239.465133 -314.284559 -188.805991
254.094292 -486.470107 44.526247
-483.344804 -128.831033 -197.542096
398.543973 130.267221 -3.391941
-374.800397 150.094648 -69.238702
220.260476 383.849574 -347.033803
496.454894 83.009369 -63.436364
-504.335579 149.498334 -77.127275
-178.288069 -368.847252 -310.003149
329.219174 159.784743 131.691713
312.509411 -166.696946 -199.628330
261.965833 -404.626067 -271.212235
-14.228585 345.089191 46.221312
131.325873 140.255473 -41.139738
-328.952124 -364.673057 -40.813764
407.796486 -658.506577 60.107808
135.883081 209.278771 -248.524440
67.939254 329.734116 -307.069382
12.838468 -372.574212 23.533517
-221.926787 323.174666 108.547554
170.683578 -358.858999 -200.280278
-363.752621 313.335492 -115.070656
-232.836467 146.367688 -111.876111
269.699277 -471.562268 114.480282
287.513817 -5.245042 -227.010151
-314.175723 -47.732385 -294.682368
340.957437 474.638318 34.486246
-184.640541 -287.599526 25.945725
143.064136 625.356577 -210.124695
235.865461 567.216002 -160.055078
273.013610 -365.865684 -171.464170
-90.320147 -197.108939 -95.968576
-166.273612 27.403127 -165.009884
510.126517 -65.174558 129.801063
-385.710077 -26.116018 -99.097927
372.581697 -95.735629 -13.627526
-517.592911 293.657144 -261.498208
-367.895537 -81.722260 42.896377
-187.954874 582.869234 -328.257697
-151.221016 207.787987 138.667558
-102.748896 455.109048 12.580789
371.615017 15.924090 -72.172469
335.157354 372.072381 127.323661
216.946143 -390.314541 -134.303126
210.593671 -556.089719 18.187543
213.769907 -409.992890 167.940029
-413.881908 -360.349783 18.448322
197.474436 -138.670207 -318.478475
298.561593 -251.224397 -270.821066
-23.343001 494.763901 -305.113538
264.313486 472.103985 -318.804449
380.038947 259.816348 89.967032
70.425004 324.367294 -102.814031
-640.085136 86.289094 -20.538177
-458.349209 -14.338824 -50.723375
-375.076592 -186.375294 -275.254313
500.874004 -471.562268 -186.067808
-530.712146 333.311997 -6.195318
-174.283250 500.130724 -83.125198
-446.334752 383.849574 -282.556133
263.623000 664.266039 -273.624443
