232.100911 35.077031 -293.993074
330.860821 325.606035 -259.941823
236.828099 -601.481381 -44.484307
75.848168 604.736424 -85.640956
545.372968 -241.746495 -102.365968
-84.748478 193.300673 159.877858
75.720406 436.064050 -61.427947
-203.566999 620.884463 57.724104
41.863516 -152.457338 -17.155855
-286.739963 -141.330118 16.130200
-6.430464 366.993866 -82.252227
-120.266272 -621.700354 -66.675010
68.693504 142.006902 35.478744
170.008651 -292.768871 -182.984902
-96.502568 355.866646 -21.255122
449.168294 -10.517432 147.853339
156.721419 287.339254 47.885861
-455.768891 138.343062 -181.454509
-235.379700 -46.748747 59.473125
-552.229088 409.060186 -84.821102
161.320846 285.846578 136.812645
-308.459478 187.329970 -38.745332
487.241326 -181.225273 -42.407344
-246.750504 -1.832773 -97.556161
5.451388 -71.988539 -138.931437
543.328778 -179.732597 -197.086383
14.778003 -81.080292 -112.040240
147.267042 294.666935 155.505306
-52.552492 -136.037904 -182.766274
335.460248 -274.992458 -73.343152
533.618877 32.091679 -19.834043
-189.640957 479.894441 -73.835064
-64.306582 493.328524 -149.370906
193.389070 -266.714892 -230.208467
-199.350858 -524.269329 -28.032578
-297.983006 102.654538 -242.670241
215.619632 149.470282 -172.053521
107.022059 -275.128156 -256.389124
286.271935 -662.545394 119.486406
-258.121309 -159.649322 -79.191441
-277.285586 452.076391 -204.301095
247.049047 238.895136 -13.985754
639.661213 274.176566 -140.680458
-289.934010 -134.816623 20.666723
-537.408714 297.245193 -107.339747
-257.865785 342.432563 9.899313
220.346820 -2.646960 102.433452
-354.964791 36.026915 -219.441057
-299.132863 -210.536000 64.774845
238.233480 511.512030 110.686644
311.185496 -566.199951 44.825075
22.699238 280.825759 -91.434587
86.069116 -410.283171 233.172767
72.015312 -184.889114 -206.596685
340.315198 -218.406472 23.618196
-18.184554 281.775643 131.346954
268.640800 -161.684789 -229.497927
-88.453572 551.271488 -11.307566
278.989510 194.250558 -117.615245
-4.002989 -280.827464 -166.478517
142.667615 570.269181 9.243430
413.650500 209.720108 -91.871843
-270.386447 -369.573829 49.361598
51.573416 441.084869 -74.163006
314.890590 -10.381735 88.823883
228.012531 363.601421 158.292808
-37.859879 228.175010 32.253987
261.230613 -7.939174 87.020205
392.314271 269.969934 -140.297860
128.741574 -102.656243 -124.611328
-112.472800 492.921431 87.512117
-114.772513 390.198191 -27.431353
73.037407 -22.458839 17.551280
262.380469 484.236771 -42.462001
43.141134 303.758688 -38.526704
548.822538 182.716244 -186.701571
-148.373880 204.699289 -161.122140
-59.323870 444.884407 -273.770020
98.462015 -222.477407 -156.366990
165.025939 398.340059 -196.430500
-242.278840 -58.418758 34.057665
448.273961 -162.906069 167.311197
-402.492200 -205.786576 -156.257676
-479.149310 136.171897 -76.786537
-352.026269 -215.421121 -64.488734
545.245206 233.738620 -198.726090
477.914711 -36.028620 -212.007718
-202.161619 365.772586 -118.872353
132.063382 -480.438937 94.890799
154.549468 -157.342459 -20.763210
104.722346 -596.731958 167.092570
132.191144 677.199052 -16.281344
312.846400 490.343173 121.945967
40.074850 41.454828 -16.062716
-26.233551 -545.845280 -70.883591
-115.794608 16.486431 -194.298881
-383.327922 -153.814316 40.944435
160.937560 125.994561 -95.424541
262.635993 -15.402553 -244.801861
-76.955005 -62.082599 -273.879334
