232.100911 35.077031 -293.993074
-611.382825 243.780258 -56.727453
-230.396987 108.896638 -87.717918
-315.486380 398.204362 -155.875077
359.223952 562.534406 140.037402
-54.852205 325.877431 53.898121
-9.241225 2.238161 101.996197
-107.234564 -625.906986 -191.730007
416.077975 -570.135188 107.243259
-271.919589 -435.115870 -243.763379
-206.888807 574.475813 -83.891935
-170.093394 2.509557 171.137181
266.468848 -666.887724 227.269821
58.600318 -491.701855 -35.192633
-605.889065 261.556670 -5.295306
62.305412 -631.741992 56.630966
-91.136571 223.425587 134.954310
295.215265 536.209031 -289.893807
-385.244350 -143.772679 -16.499972
177.674362 374.592943 131.346954
-350.493127 161.818782 132.549406
-2.725370 199.949866 49.197627
-148.501641 -611.523019 -104.552244
288.316125 20.557365 -159.810375
188.661882 -528.340263 50.837334
338.398770 341.618376 -186.100346
362.034712 -378.258489 36.353255
145.861662 352.609899 -261.581530
-87.687001 -298.739574 -269.834723
144.200758 -591.439743 -165.330722
609.253893 466.596056 -117.177989
309.269068 -279.741881 3.176514
276.434273 -27.751054 -58.749759
-32.877167 -469.990206 81.991770
-191.174099 324.791848 171.246494
638.383595 144.178067 -41.696805
117.626293 625.905281 89.097167
82.108498 665.664739 -144.670412
6.984530 42.133317 -15.133549
93.479303 587.909896 -183.203530
60.133460 -454.384958 -138.712810
229.034626 242.016186 141.895737
-118.605368 -598.903123 -163.527044
33.942281 523.317740 -241.467790
499.250940 151.912842 223.334524
-366.718882 77.279049 -7.700210
-191.046338 222.340004 -104.716215
-112.983847 -484.645569 -204.519722
94.245874 -577.462869 43.294682
365.612044 535.666240 -291.970769
178.951981 -202.122736 -246.113626
445.207677 160.597502 -233.870480
-302.454671 -515.720367 -111.056416
324.983776 252.464917 -195.501333
96.162302 544.350900 -250.595493
321.661968 -510.835246 46.300811
284.866555 668.378695 -220.206254
318.340160 -24.630004 196.825925
-473.400027 -291.140497 -91.106646
278.222939 -607.316387 -139.368692
121.586910 239.709323 -246.824166
621.774554 304.572875 -280.984731
331.499630 -377.851395 -121.987797
-25.978027 83.249752 -115.046370
67.671409 -465.919272 190.431068
134.363095 -519.384208 44.770418
-6.558226 -242.696380 -29.726943
-84.876240 328.998480 -145.271638
413.394976 -227.362528 -43.445825
218.302631 -105.777293 -96.025767
265.574515 -574.206122 -182.984902
-182.614055 -472.025673 -212.718258
307.480402 -102.249150 -127.508144
-391.632443 -237.946957 39.851297
107.533107 532.545190 137.413871
392.825318 -310.138190 113.692774
306.458308 -354.511373 238.310516
553.933012 271.734006 204.641863
237.594670 328.184293 -198.944718
-33.771500 -332.664026 57.013564
-363.524835 200.764053 101.012372
-395.593060 441.084869 -167.298370
53.745368 393.997730 -294.867585
236.828099 154.219705 -71.430160
-104.040517 -418.967831 85.107213
96.034540 -49.734099 46.902037
244.493810 -264.815122 -74.545604
-16.268126 -467.683344 140.802599
318.340160 -193.980867 -158.170667
38.158422 374.864339 25.367217
372.766708 -500.115119 -190.144956
381.965561 607.586078 134.353084
94.118112 169.010766 218.961972
341.209531 513.140404 41.982916
-103.912756 -151.236058 33.565753
-285.079059 -303.488997 -237.368522
-265.659258 407.431813 -6.224474
-332.350944 -188.010164 9.134116
202.076876 174.710074 75.706226
-54.468920 133.865034 -148.715023
