189.469911 27.811890 -103.348692
420.897456 -183.106109 34.398194
-24.539499 -36.444261 -1.513649
-203.818846 -251.646004 35.463780
325.310127 326.433899 -85.217823
133.392011 -221.096149 -45.854754
-454.363857 149.560388 51.733848
326.372208 12.480598 -25.863087
79.119650 419.098033 -48.129065
-267.756148 155.647813 -57.258116
127.762979 545.355735 -49.687684
-392.338301 -304.741876 -47.413373
-475.817902 -41.855306 18.462115
-174.717814 -204.975746 39.551177
396.894416 -175.891383 26.350633
-417.191007 -123.133701 -66.593923
-395.099713 -204.750286 4.418644
463.593130 -512.954353 -11.358392
-221.236981 442.996813 49.300495
-275.721759 -471.018759 50.047996
199.559685 21.273545 50.827305
451.591610 -108.591519 -1.068329
228.342092 182.026654 -14.014405
-482.933848 457.313534 8.410616
498.960442 235.460716 -22.761754
-221.449397 104.806542 -17.624675
517.546867 141.782011 -50.705557
-456.488020 -132.039378 38.390166
128.400228 320.008284 -36.089532
-162.291461 109.879396 -11.024402
-190.117995 488.990689 -41.560601
-345.712926 274.127137 22.835789
-161.866629 -164.392914 15.440304
334.975068 -378.467355 -61.949876
206.144590 187.888618 -24.543032
81.562437 450.775189 -47.620128
233.652499 85.980617 33.539363
-128.623480 -118.849957 24.919249
213.260535 -58.539359 -51.707526
158.457133 -185.473441 -22.332339
-490.368418 27.022780 1.444546
-300.574465 198.485247 -22.411860
327.434290 -117.384466 -9.608922
-175.992312 -155.487237 -43.485018
-445.654789 -235.074680 49.682198
14.120266 54.078001 -73.544089
-7.439988 -457.265688 -7.827644
-310.558030 -440.694365 -42.085442
-204.668511 165.906251 -17.099834
388.185348 -279.377606 25.173717
287.393820 97.253626 -25.942608
298.651883 -405.860767 1.078747
442.139085 210.434636 -27.437609
-283.156329 418.534383 44.783682
-383.523025 292.276682 -16.256907
-158.467968 -165.632945 -50.785078
270.188100 62.194568 44.004373
-14.131101 230.951513 -38.570599
2.862202 459.680866 -11.596956
269.657060 -397.067820 -86.855963
243.636064 221.820376 -7.684506
423.977493 165.455330 -74.307494
-161.335588 303.211501 8.283382
-301.636546 -73.419731 -50.037577
240.556028 -359.415970 -34.896712
256.274834 59.601776 -43.087411
-466.790210 382.348024 -49.258268
-151.352023 520.442385 -28.391866
302.156752 127.127100 -83.054843
-185.975877 -34.189660 5.754603
-399.560455 -7.923548 -20.694199
35.255686 -318.269487 -68.136637
239.812571 -425.475803 -62.331578
-92.194086 184.957636 -15.048183
302.900209 -425.588533 37.881229
405.072443 -6.345327 -13.918980
209.543250 -25.509443 15.853815
330.195702 -226.169003 44.656448
-266.375442 425.861839 -86.681016
-364.193143 275.705359 -59.930034
-125.649652 472.870287 39.042241
211.030164 -433.479639 50.366081
204.232843 324.179297 -58.069234
-306.734537 17.666182 6.979232
-270.092727 66.478311 -24.129521
-17.742178 -282.421318 -33.990169
139.552083 52.387050 -59.103012
-516.176997 85.755157 -36.280384
18.899632 -177.244144 -42.610283
324.460462 41.339501 7.631307
80.500355 -52.790124 -77.122550
292.704227 -136.097661 13.070567
251.070634 -244.994928 -0.082264
-423.988328 -210.499521 -58.625883
-403.490156 -118.511767 -18.181324
75.933405 312.793558 -3.135884
-359.626193 -381.849258 -63.317643
177.574599 358.561975 -57.926096
-141.156041 477.266760 -51.914281
-195.215986 495.190844 -48.510768
