232.100911 35.077031 -293.993074
-458.579652 80.942889 -77.169135
326.516918 31.820283 66.851807
-149.779260 -632.963272 90.846188
-14.862746 172.810305 245.142629
170.391937 -60.997017 199.176172
619.858126 524.539020 60.019694
492.735085 -411.233056 -95.752483
-407.858198 323.027777 -93.456893
-117.199988 506.491212 235.413700
141.901044 -326.829020 247.875474
612.064654 -433.351798 20.120154
375.832992 518.432619 -127.890743
-104.040517 -233.468929 142.169021
-139.047264 -179.054108 202.236959
-97.907949 -204.429598 -29.071060
322.939586 508.255283 -228.404789
-14.479460 -251.652435 57.450820
300.325739 96.955231 -176.863329
515.987742 -166.027119 93.469720
590.089615 583.567566 133.806515
371.489089 -364.417313 -176.808672
386.692750 -390.199896 -209.001588
263.658088 -328.593092 -265.462170
-571.137842 179.188102 -260.051137
-244.067505 60.859614 -101.764742
370.850280 503.777255 -124.064759
-363.141550 12.686893 209.506327
561.854246 274.855055 -69.735796
1.746295 -353.968581 229.128156
490.563134 584.653148 92.485895
527.486309 -532.139802 -9.941143
-129.337364 410.959956 -172.928032
17.461002 261.692368 -2.617118
209.998111 -568.778210 -67.986775
399.341173 -138.480464 98.060900
-271.280780 -91.664721 215.409273
621.902316 6.987585 18.261819
-233.974319 28.563536 190.922980
225.585056 -192.895285 187.260967
137.557141 195.607536 -93.784834
252.926092 206.463361 -109.526023
-212.510328 277.840407 159.112662
-74.016483 476.909090 159.003348
-217.748564 93.155692 -223.048413
636.722691 512.054822 36.517225
-419.867811 -70.088770 -164.510868
285.505364 177.695426 111.889096
202.971209 548.693229 110.358703
532.596783 -411.911545 82.647653
589.067520 -183.532136 -266.773936
-336.694847 -66.289231 -245.184459
625.479648 -81.487385 -32.295817
-380.517162 -153.678619 4.324309
-348.704461 402.410994 164.960950
-185.424816 -324.250762 90.135648
-429.194427 468.902919 -12.291390
297.131693 -608.266271 -68.533345
435.881062 -232.654742 -77.934332
-558.361657 335.783371 18.425790
-446.442276 -377.987093 84.396673
-164.599635 603.786539 113.036891
-409.519102 301.044732 74.394460
619.347079 -72.531330 -160.192973
388.864701 368.350844 -60.936035
437.797490 273.905171 16.622112
-33.260452 -481.253124 204.149951
230.695530 342.025470 -54.978432
-151.440164 -163.584558 104.619728
-131.253792 -263.865238 -109.963278
351.047193 377.578295 15.747602
-280.607395 407.024719 -61.974516
-111.450705 -92.614606 2.411317
-76.827243 -331.849839 -3.273001
132.318906 -58.011665 -35.848516
-1.192228 -368.081153 -209.985413
261.230613 602.565259 100.083205
-98.418996 -631.606294 168.458992
-167.921443 -538.517599 -225.234689
-219.153945 -353.697186 29.083886
535.918591 359.801882 -246.933480
-280.351871 498.349343 -288.855325
-382.689113 -362.246148 9.462058
200.288210 -62.353995 188.354105
238.872289 31.955981 143.699415
449.423818 636.896804 67.398376
-430.472045 -132.645459 -55.525001
-300.410481 405.396345 61.932686
112.771343 124.501885 217.376921
123.886623 -44.441884 -80.175265
576.930145 97.905115 -283.990861
409.051073 -234.011720 -51.753675
300.453501 656.980079 -175.387592
93.607065 512.869008 87.676088
494.779275 120.973742 158.292808
-582.253123 287.882045 -175.660877
-37.476593 -93.700188 -289.893807
587.278855 -443.257738 -13.712470
-451.936036 182.309151 -77.387763
222.902057 650.466585 125.990578
