202.510984 22.913099 -202.643403
-380.979029 38.596792 -21.114738
-6.600364 -544.103008 -152.876518
517.529766 -450.000848 -178.368769
60.282355 -516.024138 5.336063
-391.675562 -100.785708 -8.057731
-148.711449 -291.393175 -52.021502
241.300610 -270.144300 36.035574
93.547398 -416.483278 -80.285777
204.156604 -446.838813 -108.394611
334.513257 -492.751561 -51.762435
-246.390780 298.769028 -128.213283
161.370471 -320.989822 -108.990467
147.147608 496.838897 -145.285837
-308.571727 289.915330 47.149573
-517.683075 40.367532 -102.099269
559.258000 15.324215 -143.938686
-209.364319 481.787611 -171.607105
208.858377 -396.752179 -107.021553
411.269699 -129.876430 -74.171782
362.841439 -577.494097 -139.120028
545.622859 262.595348 -10.648407
203.451339 -389.163296 -156.425744
-386.503612 41.885309 -7.539596
233.190052 119.418406 -188.835100
248.235725 -383.345151 -115.829851
-54.675992 484.190757 -60.544826
506.245511 342.531592 -106.684765
-185.737910 206.690570 -89.586304
118.701883 -492.245635 -47.125125
-288.354103 438.657454 -141.425730
-397.317689 -308.088719 -119.897213
-388.501865 -277.606703 -186.477585
316.764065 92.604349 -139.664070
147.617786 472.175025 -41.658799
292.079757 212.129270 -129.974942
-467.374105 50.486044 7.045910
-124.849952 309.772910 8.885289
11.266373 -150.239935 -186.192611
347.560677 -340.847402 10.413788
74.622762 225.283336 -135.389455
306.772797 -284.563179 -109.974924
122.698390 -410.665133 -150.648536
381.295897 330.768822 13.444879
209.211010 -370.317567 -51.632901
-380.508851 -212.721745 4.507047
-510.983049 425.756352 -60.752080
117.526439 -390.428110 -60.182132
-465.140763 -355.266281 -47.410099
362.958983 -307.709275 -160.648546
-362.877203 -354.380911 -57.021507
-221.941562 142.438020 21.139187
123.638744 83.371207 -167.772905
-516.390087 150.279867 -61.503376
-0.605604 -561.430960 -56.814253
-383.682548 -167.314924 -149.145944
-499.111072 -117.607734 -49.923055
343.916803 59.592704 -131.140746
-322.559501 -34.509456 -31.917857
443.476843 -351.218876 -171.114877
-153.765855 74.517509 -42.332374
178.179309 381.361381 6.061453
-182.799302 -502.996554 -9.741671
19.259386 -139.868460 -20.026654
426.315372 34.169943 -75.726188
452.880389 444.855043 -109.897204
-471.017979 238.943327 24.377532
0.804928 -592.292421 -29.767596
-344.657833 599.921237 -131.632975
504.952524 -148.975121 -92.358327
-204.897635 72.240844 -127.151105
375.301137 -591.027607 32.564068
484.617356 -230.555622 -1.969643
-546.128801 571.842366 0.310152
216.028581 -56.011293 -62.047418
-105.102506 589.043836 -100.000821
-314.331398 -353.874986 34.584795
-185.737910 236.413699 -117.669231
-385.680802 -28.058904 9.766119
-163.757122 311.670131 -78.653651
-35.046090 280.049781 42.564077
-444.805595 -264.073193 -63.083689
194.517970 -494.648781 -84.145884
406.920559 -256.990235 47.305014
235.188305 -635.675540 -30.182104
-219.943308 24.177913 -174.327315
481.443659 475.969467 -88.368686
231.897064 -129.370504 21.475975
355.671235 -150.998823 -92.384234
-329.964793 151.797644 39.584800
528.343844 -393.210700 -140.285833
323.816724 -470.870279 -59.508556
422.436410 -604.308154 -127.099292
-183.622113 -458.348620 -83.057801
-278.715469 -266.729302 -85.518943
29.250654 -243.709688 52.589993
-467.021472 111.323596 -10.648407
-5.189832 -322.381117 -129.741781
-364.993001 -261.796528 -107.513782
527.168400 322.421049 -53.498188
