242.887115 39.198107 -345.676073
434.620606 -369.466401 -226.907464
310.784422 340.730080 -62.283636
173.926837 199.542168 -5.653039
-122.110737 537.257977 -166.625211
-221.099961 -427.644334 138.497570
613.997053 370.670431 64.386916
89.420599 -332.856872 -45.102895
403.794431 -515.762618 -180.333886
116.127759 328.101211 -53.783060
5.844462 263.395997 107.847607
-174.594956 -116.321441 -2.839469
121.176874 -461.132120 108.685692
-98.061006 -166.695018 -125.259733
295.902820 452.687127 -82.218085
-428.645154 172.723560 -160.998070
194.256167 507.743318 11.348112
265.741003 -353.290097 122.035188
-337.495344 -178.188707 85.219313
-191.602501 603.382164 87.733568
-300.025598 -375.709886 -141.901706
51.817981 168.608535 60.136628
105.232301 327.107929 99.047715
121.575488 541.373001 25.356103
311.050165 417.638470 20.088141
-206.484102 629.349388 -133.939899
247.936230 284.113017 -194.222151
347.855554 378.190993 66.063086
-127.026980 76.659021 -331.608218
447.110522 -517.891079 -101.434176
362.870027 -358.965993 20.866363
469.300052 435.375644 102.040876
378.017372 -466.666119 95.635512
341.610597 -508.951543 -130.946738
-144.831753 493.127886 -238.520927
371.373800 173.291149 -292.517542
273.979033 462.194253 -201.585326
173.262479 -495.755085 -107.061317
-202.232216 95.531375 44.691920
358.485270 68.428972 154.421184
-134.334909 238.705850 -258.275786
81.182570 705.973984 -65.157070
337.757325 -381.811474 202.251889
385.591044 513.561111 -170.336730
125.295889 252.328000 -143.817328
520.854172 406.712370 -143.218696
-631.805589 109.295422 -21.277337
219.103127 -534.776870 -204.997529
614.129924 284.680607 -11.100592
199.703896 -19.405518 -241.573950
-208.211431 224.090418 134.007830
589.814451 246.794002 84.620681
438.075264 443.605694 -120.829856
371.905285 161.797460 114.851602
613.598439 328.101211 -239.418875
-545.704894 156.831051 -160.339574
-152.804040 -270.138221 -77.249439
-188.413586 282.977838 -97.722657
207.410440 -424.664489 -2.360563
-554.873024 427.429390 -39.475753
-175.392185 -271.840990 -28.879965
-168.615741 -262.333865 -126.217545
96.861400 -135.619488 -18.583493
-239.303349 484.330247 -273.600768
-273.318438 -228.136592 -150.761461
315.833537 -64.386994 -63.720353
582.240778 158.250025 -25.348036
75.601969 226.502674 -207.332194
-1.463467 -56.440739 62.052251
-94.606348 -384.365627 -297.127009
-193.994187 205.785653 -265.219918
120.911131 -155.768918 -160.998070
-137.523824 -489.937292 4.703296
197.179339 -414.305978 137.839075
207.676183 682.702810 -49.113730
349.184269 -67.508736 -154.173664
-124.901037 -517.891079 158.132703
-38.003114 -210.257519 -303.233057
-6.645453 616.862417 -10.023054
429.438620 -487.950728 105.333352
123.701431 -515.336926 25.655419
203.291425 -324.201130 -267.734173
497.468798 184.359146 -316.522689
-164.629598 0.318220 -320.174345
-347.460702 27.988213 -43.067546
31.887265 52.252668 16.017443
65.105125 -112.064519 -88.922765
131.142232 371.521815 -165.966716
75.469098 300.856911 -328.435468
331.645238 -522.573694 -220.142921
-470.499658 398.908013 12.605240
-44.115200 57.644769 -74.256278
119.848160 -611.117670 -88.204406
-148.020668 476.100198 -286.172042
-261.492879 -216.784800 78.754087
-101.382792 -402.670392 -95.926760
582.506521 451.126256 -43.905631
450.830922 -210.825109 -30.017366
88.091885 551.873409 -184.165132
120.645388 429.274056 12.186197
