189.469911 27.811890 -103.348692
433.854850 107.399334 -101.249328
-335.835568 -436.861542 -58.053330
114.168337 321.811966 -92.772352
320.105928 407.825024 2.621462
271.781223 -340.139125 -88.446390
-11.369689 -435.170591 -31.954422
330.514326 -182.655188 -85.853994
-44.506630 -514.983495 21.102224
-349.642627 433.640215 -96.891558
-505.449974 63.772789 -103.539543
-279.651460 -349.157532 -33.592562
-348.686754 400.948489 0.712949
-79.449109 54.979842 47.821398
-405.083278 129.156241 -54.792954
32.600483 -309.251080 -43.548635
366.200262 -216.586946 13.786259
-103.239733 324.855678 -5.044397
200.834182 465.091910 34.334577
487.489963 -41.178925 -6.189504
61.276681 -174.764082 14.883654
-288.254320 -208.470379 -84.009099
368.324425 -71.165129 17.603284
281.764788 74.482148 33.602980
-409.437812 -127.417444 -68.740999
177.255975 -563.570163 23.312917
478.674687 537.690088 -36.073628
-346.456383 -470.342379 -63.810676
-110.568095 36.379377 -79.476382
-275.615551 -332.248018 16.553602
302.794001 82.260524 -5.282961
269.657060 -504.725056 -5.314769
-399.029414 540.959261 -15.652545
-294.945433 -227.972685 -25.401863
302.262960 544.002974 -98.084378
-203.818846 -121.893670 -66.323550
462.212424 -427.279484 40.282774
-142.324330 -232.030968 12.847907
-300.680673 145.163914 10.494075
-277.845922 338.721479 -58.959873
-250.019388 -245.896769 -5.887323
505.439139 143.134772 -21.584838
-236.106121 94.773564 8.251573
243.954689 328.463041 -6.173600
-226.866013 -535.838561 -49.019704
453.184732 427.327330 18.334881
-115.878503 19.808054 -73.909887
-317.461560 195.779725 -99.420337
488.127212 161.847967 -34.371871
479.311936 -533.358499 -10.340519
-446.929287 439.840370 -16.066056
49.699994 -397.969661 40.743998
409.108353 486.623358 -66.371263
382.981149 -263.144473 53.896829
-240.460655 176.277419 -9.577114
-280.501125 534.871836 -73.226004
306.405077 -547.900681 52.576775
473.045655 268.377903 -13.934884
-457.125269 277.734500 26.573293
30.582528 560.799757 -95.969110
255.531377 -297.188960 -38.332034
29.945279 552.570460 -33.735700
515.210288 -331.458908 2.875930
-512.778336 105.144732 -75.707070
516.697202 -413.300953 -40.495015
-280.288709 62.307298 -25.990321
-371.840129 -463.804034 -42.657996
-154.644475 -256.380667 24.187652
-111.630177 -525.354663 -11.040307
216.871612 256.090323 -58.498649
235.989078 -393.460457 -39.143152
-413.367513 -18.745637 -16.113769
455.202687 181.801193 44.926821
403.585529 -426.828564 -80.971383
386.592226 -216.023295 18.732487
-471.994409 -26.636743 42.302616
-181.196511 129.156241 10.764448
151.978436 -509.459720 8.251573
-526.160562 -350.284833 -92.661022
-153.688602 -436.072431 -81.225852
-233.450918 -493.452047 -52.343697
-80.511191 -320.185899 43.845330
-16.573888 237.602588 -74.291590
48.744120 287.091098 -81.353086
209.330834 403.203091 -31.970326
-427.174572 452.353410 40.171444
107.371016 291.825762 -2.356575
351.118706 -559.399150 36.990590
423.021619 62.194568 19.336850
447.980533 297.687726 -88.843997
416.542923 -99.685842 -25.974416
-439.388509 -205.764857 31.662659
267.108064 46.412355 -34.626339
-38.983806 423.381777 -7.525463
-195.428402 -251.871464 15.599346
-78.705652 -473.047901 -44.057572
313.839647 117.094122 -3.310831
287.924860 -76.688904 -59.723278
-264.357488 -177.244144 -95.094375
396.788208 -540.460495 -39.095439
