254.370487 40.074791 -398.602901
0.547816 -43.856347 -62.588831
571.027387 159.188430 -5.347785
-529.469271 130.863534 -56.916883
-181.188110 181.997425 -108.420785
-278.684740 -167.740495 67.279237
316.790425 78.984252 86.185733
-14.919071 -561.605619 -32.990386
16.705190 725.984495 -206.604175
-4.009391 -240.937988 -345.469128
171.374064 258.921877 -87.102081
-192.373984 -400.153715 54.501054
-344.695206 221.801356 72.299238
467.454480 -157.006850 -306.221850
-666.461703 165.449722 -216.448592
210.731768 -504.955828 -241.613790
-357.262052 -441.150275 -276.623405
488.030964 -414.167085 -227.857684
466.211605 198.843283 138.732753
132.016359 301.558299 -79.017925
-286.694378 -309.663128 -218.013267
182.559938 -525.081412 -117.743644
-203.007469 400.397276 -352.575362
-503.645093 142.491649 -275.384703
10.214621 -680.272023 -163.054039
-181.188110 -121.675270 -365.027572
-42.538513 -162.820908 -297.290160
363.743476 -5.245042 106.004956
-61.043539 593.006565 36.442090
-115.591936 -430.863865 -295.138732
295.385358 440.499365 -100.271434
540.093612 115.359381 159.595093
106.882667 523.386953 73.929108
37.972160 72.126646 -282.490938
-593.546376 106.861912 -184.177159
-602.798889 151.734510 -182.742873
394.677251 301.707377 -18.517137
121.797166 160.231979 -281.121847
662.723933 64.374569 -140.887803
145.549886 528.306541 -296.051459
-88.248689 -578.153321 15.188581
299.252079 -79.337005 -76.866496
-94.739258 -96.928256 -289.140809
-343.728525 156.206862 -334.842373
-197.483581 216.583613 -207.777681
-186.988193 -341.565905 -225.445476
593.399134 -104.978490 -123.480787
5.657413 316.018903 -345.143154
180.350383 -134.794169 -153.861571
-50.548151 44.099907 -302.049382
510.264615 447.058814 -265.409897
2.343080 612.088600 -258.825220
-121.806311 642.351514 130.453012
11.871788 397.266630 -208.755604
-116.558617 -248.242829 -35.337399
-353.809622 -38.489525 -2.609603
416.220415 -142.993481 101.636904
78.434642 -636.741131 -43.551946
320.519050 44.248986 161.159769
161.707259 496.403764 47.329624
303.394996 587.490664 -179.091963
95.006307 640.115338 -184.046769
271.908832 -39.085838 -158.034039
310.299856 -460.828623 95.247812
-388.886313 -244.068634 -194.412745
-605.698931 416.199586 -194.282355
79.677517 153.076216 -358.182116
367.195906 -594.850102 -270.886261
-287.799156 -76.355437 57.174041
-43.781388 -92.754061 -26.340515
513.717045 501.323351 -235.094308
137.954539 -425.347965 160.833795
-564.269768 45.590691 -97.663641
-78.167593 574.968079 -314.110422
92.796752 -29.544821 -212.145734
499.493032 -61.447598 -351.858219
-303.680335 -448.156959 -111.550136
-22.376320 -311.601148 -214.231968
-278.684740 -37.595054 -34.489867
-33.562194 1.016251 -331.126269
65.729699 -464.406504 -111.941305
61.034394 437.219640 -120.155852
235.313072 123.558693 -184.959497
287.651914 -475.140149 -78.757145
381.281822 -183.691883 -284.055613
-21.409640 -188.462392 -28.687528
-177.459486 664.415117 39.636636
265.280166 604.038366 -135.215854
24.991022 -14.338824 -396.973030
27.891064 -429.671238 21.316894
-520.354856 -144.335186 -207.908071
251.332348 307.819592 42.374818
105.225501 -374.959466 -269.843144
378.105586 -304.892620 -277.862106
-69.467468 -483.190383 -20.668566
41.562688 705.709833 -11.215318
-299.261224 -314.582716 -162.336896
155.769079 470.613201 142.057688
49.158034 -200.984977 -300.093537
-257.003478 318.404158 -102.292473
