232.100911 35.077031 -293.993074
47.485037 -359.396494 88.441284
361.651427 467.545941 -219.823655
358.968428 188.958344 90.736874
-67.756152 -13.367086 -200.311141
-16.779174 -421.003298 22.251773
-206.122236 373.371663 -215.013848
-118.605368 -461.305547 13.178727
385.159607 -430.230749 40.725807
147.778090 265.899000 33.675066
-42.459306 596.051764 -15.516147
456.450720 320.042425 -158.662580
163.748321 -94.514375 -195.774618
-271.280780 285.982275 49.252284
254.075949 486.679332 -3.491629
498.484369 86.913593 112.872921
583.062714 179.866591 -92.254441
-46.803209 620.613067 -43.336512
404.323885 -122.196727 -187.302797
-68.906009 -134.816623 65.102786
244.238286 -98.449611 28.428004
214.469775 322.620683 199.504114
259.697470 502.555975 -176.207446
-108.001135 239.437928 111.342527
-177.886867 -301.317832 -192.221919
-193.346051 370.386311 102.488109
228.779103 62.080894 68.874113
26.021046 325.063244 -198.616777
406.240313 52.039257 -14.313696
-20.995315 -300.232250 -11.088938
275.667702 9.972936 -137.892956
9.284244 118.531182 -130.514274
-144.668786 357.087926 -268.960212
-91.647618 -8.753361 -265.462170
198.116259 -52.583753 -149.370906
-166.771586 358.037811 4.870878
183.423646 529.152745 -174.403768
239.638860 36.569707 73.519950
346.064481 -273.771178 225.138202
310.929972 -469.854508 147.088143
-228.863845 -420.189111 74.175832
-484.515308 409.195884 -30.984051
56.172843 -487.902317 -128.874567
-82.448765 130.472589 -148.059140
-263.870592 -345.419620 -19.396788
-191.174099 -120.839749 -29.836256
110.216106 -461.848338 -94.550031
364.334426 118.666880 138.725636
-122.565986 560.363241 -71.539474
30.875996 -425.074232 7.877008
413.267214 -303.896091 -135.652023
-170.221156 -309.731096 -20.981838
-330.562278 5.902002 -53.284068
555.466154 260.335390 -170.741755
103.828013 453.026276 -59.733583
318.978969 -241.475100 213.113683
317.062541 -160.056416 -52.573528
64.349601 437.692423 -28.743118
5.579150 -327.371811 91.611385
-82.321003 44.982971 -67.385550
153.016325 502.963069 -121.659855
532.852306 -9.296152 73.957205
367.783996 -163.041767 61.714058
-146.712975 278.790292 38.156933
-227.075179 -328.321696 72.864067
137.812665 458.589886 125.498665
9.667529 -81.080292 -202.442760
248.071142 310.814974 81.226573
-13.457366 96.412439 -34.864692
383.115418 -287.205260 -191.948634
450.956960 81.078587 -223.267040
-119.882987 467.138848 -53.939951
470.760047 -161.820487 31.160849
394.486222 382.463416 -73.835064
579.996429 -42.270719 -182.438333
249.348761 -334.428097 -103.568420
137.812665 -130.067200 -122.206424
373.916565 -250.024061 218.634030
393.464128 510.290750 144.573925
-62.901202 587.231407 58.325330
228.012531 417.066357 121.508711
268.257514 96.955231 -61.537261
-52.169206 97.090928 74.722401
-494.480732 314.885908 -108.924797
294.576456 -499.572328 -30.656110
477.914711 445.562896 67.562347
223.668629 -64.932253 30.778250
79.169976 -317.465871 -113.843918
304.925165 82.028472 25.749815
466.032859 65.609037 -96.189738
151.610945 565.655455 -197.687609
324.983776 -361.160565 140.693285
356.285429 397.525873 -128.218684
-224.008895 80.400098 -173.092002
265.957801 -32.500477 -138.658153
55.150748 387.484235 -265.735455
-236.785080 -429.552260 15.310347
620.496936 224.104076 -103.568420
66.777076 -554.937033 -45.632102
28.192998 -166.569910 -283.881547
