189.469911 27.811890 -103.348692
454.459230 -488.041003 23.440151
-19.547716 -391.769506 -60.534396
157.607468 126.676179 -35.898681
330.195702 279.425452 -65.146634
-138.713253 -60.906691 -48.113161
54.585568 -509.910641 48.378047
-102.814901 264.883270 -28.010163
-399.879079 -64.964974 8.410616
390.309511 482.903265 -55.476838
-290.909524 -413.639143 -58.212372
-424.625577 221.482185 -69.838394
335.506109 -545.307889 -41.003952
45.026835 -160.109170 20.911373
-302.380003 -210.724981 -62.951845
30.901152 289.458430 -62.649664
419.516751 59.263585 -9.211316
127.019522 -438.890684 22.295044
-65.535842 231.853354 25.539515
76.676862 -84.692740 21.308979
390.946760 429.131012 -9.577114
66.693297 255.188482 22.215523
-127.136566 415.828861 -67.389136
357.597403 130.283542 -58.323702
451.272986 18.004372 -64.987592
80.075523 386.068117 54.183106
23.678999 -86.158231 50.397890
120.540826 195.554264 -29.616494
-168.026701 -99.009461 -10.626796
-215.289325 289.345700 -24.495319
23.572790 444.011383 -24.336277
-209.766502 416.505241 -43.532731
-282.306664 172.895516 47.185227
157.819884 96.126325 -52.693591
146.455613 203.332641 28.831699
236.626327 124.421578 -4.551364
175.662852 -315.338505 -69.170415
384.149439 -12.094562 -51.309919
283.888951 77.751320 -45.647999
-214.227244 -97.656700 17.523763
459.875845 -200.353813 -84.215854
412.188389 -533.020309 -21.823402
148.898400 -21.225699 -89.321125
169.077947 -286.028681 -35.628309
-198.189814 -452.418294 -48.176778
-300.255840 307.946164 -74.434728
-466.790210 -203.397525 0.426672
53.311071 -169.240308 -81.257660
47.894455 163.426189 -77.281593
41.946799 -186.037091 21.356692
-208.810628 547.159416 2.351089
-191.817325 172.670056 1.571780
338.586145 346.387125 -9.672539
295.890471 -413.413683 32.935001
-140.943624 138.851029 -30.920645
-165.371498 54.303461 -57.194499
-231.751587 -427.504945 31.646755
318.725222 447.731476 37.674473
-179.390973 221.031265 46.374109
-447.141703 424.170888 -30.920645
280.596498 -109.267900 51.224912
344.427593 -80.296266 -38.491077
165.148246 -244.882198 -0.638914
14.757514 -75.336142 13.611312
126.276065 290.134810 -23.429733
-196.278067 169.964534 -80.414734
-1.810956 404.781312 -7.589080
283.995159 -474.851582 27.193559
-233.875750 -406.649878 -43.151028
212.410870 68.281993 -68.216158
462.849673 -349.157532 -73.448663
-374.282916 -114.904404 39.471656
-146.785072 -344.873788 -8.113921
8.385026 468.248353 -44.423370
-292.077813 -468.313237 37.117824
281.552372 -152.330794 -20.344305
287.181403 -55.946567 -15.875205
503.314976 427.552790 -11.135732
-270.623768 145.840295 -2.165724
293.341476 -426.715834 -6.094079
-137.013923 51.597939 -46.665872
-49.498413 126.225259 41.507403
-231.857796 -250.067782 34.382289
-498.227820 175.037388 19.591318
-114.179172 -276.221163 -0.511680
40.035053 419.098033 51.304433
-409.650228 260.824987 26.621006
-478.154481 -2.963425 -0.543488
170.033821 -481.389928 -66.912008
53.204862 392.944653 49.300495
485.684424 -27.876774 48.457569
200.409350 132.425414 2.685079
-304.716582 -180.287857 -25.417767
-295.157849 516.835022 -77.090741
194.249278 135.807317 17.189773
154.739848 248.537407 22.295044
-463.816382 -220.419769 42.477563
209.543250 496.881796 -36.598469
199.878309 348.979917 -64.908070
508.519175 -21.676619 -22.189200
