189.469911 27.811890 -103.348692
257.974164 -121.442749 10.605405
200.409350 464.979180 -50.689653
345.808299 -282.984969 -8.622858
131.692681 -304.967336 -72.017279
-367.060763 -235.751061 11.686896
201.152807 157.564224 14.708707
98.024699 -325.709673 -75.436697
266.152191 199.838008 -69.727064
46.513749 274.127137 -54.347635
29.308030 494.176274 9.444394
-31.761653 192.848742 -48.081352
463.699338 -212.866853 15.631155
195.523775 -383.427479 -44.582413
-347.837089 468.924733 36.736121
316.601059 330.379452 20.704617
91.014962 -160.447361 -46.220553
168.759323 -399.547882 -50.133003
497.579736 303.436961 -84.168142
70.198166 38.972169 -65.544241
30.794944 -209.372220 -43.532731
-80.511191 342.216112 3.877899
179.061513 -530.991167 -5.473812
-271.473433 214.154729 -21.775689
-208.173380 39.648550 53.531031
47.469623 -65.528625 -35.962298
-366.423514 -240.711185 -25.545001
-522.549485 134.567286 31.090106
-272.535515 -158.643679 32.426064
55.010401 512.325818 17.841848
-152.414104 -385.005700 3.591622
-137.863588 -414.991904 50.477411
-350.173668 479.746822 -4.710407
-497.590571 -267.540946 -8.575145
102.166817 -181.076967 11.193863
462.000008 -304.516416 12.227641
451.379194 128.592591 9.396681
-401.897034 484.030565 -78.792498
-338.596980 -169.578498 46.580865
-280.925958 14.397009 8.028914
-201.269850 34.801156 -49.321885
153.252934 -371.365360 11.003012
195.205151 -68.008687 47.725972
60.214600 383.249865 -36.837033
-528.603350 98.268197 20.641000
-82.104313 -426.941294 29.420157
-392.975550 -17.731066 54.262627
527.530433 -466.058635 -62.108919
-286.661198 -212.528662 -68.247967
476.019483 120.588754 -77.456540
-411.880599 130.734463 -64.271899
-228.990176 526.078889 20.752330
-367.273179 -241.274835 -25.751757
-281.563207 341.990652 -29.218888
-318.948474 -236.540172 -42.483049
-500.989232 -60.455771 29.595104
456.052352 -523.776442 32.855480
318.300390 -481.728118 -25.179203
117.035957 166.018981 -47.810980
-245.027605 451.451569 -52.280080
72.109912 -206.328507 -91.420489
470.815284 184.844906 8.378807
-409.437812 -359.415970 -9.179507
-174.292982 321.586505 -84.454418
-45.887336 -313.873014 54.103585
252.132716 -146.356099 -20.741911
144.012825 -126.515603 -77.822338
-74.032494 -92.245656 -69.536213
-426.962156 464.077340 -39.270386
-278.483171 -230.452747 8.124339
496.623863 2.673080 46.914855
-2.554413 -523.438251 -64.828549
409.214561 18.680753 -40.606345
128.931269 -418.261077 -52.375505
-105.788729 -301.585434 -35.230702
-368.229052 -248.827751 -55.556359
-335.092111 89.137059 -80.510159
439.696298 -390.529475 40.028305
339.329602 -183.106109 9.317159
20.174130 -7.247168 -18.897016
518.821365 -450.389153 5.261571
259.779702 195.779725 50.922731
-229.202592 269.392474 37.801708
378.839032 -85.143660 -64.049240
-398.392165 59.714506 -53.456996
496.305239 -58.088439 -82.832183
-22.521544 315.724541 -77.917763
62.338763 -201.819304 17.491954
21.236211 479.183172 27.304889
136.047215 -341.491886 35.384259
252.132716 -130.573887 -12.551212
-277.314881 -168.789387 -15.143608
-106.638394 351.234519 14.295196
370.554796 -360.430541 29.690530
-170.575697 537.351898 12.418492
-249.700764 -182.204268 9.651149
303.643666 -273.741101 -84.088620
164.723414 -312.632983 -47.874597
-256.498085 -301.359973 -63.174505
8.916067 377.049710 40.171444
