232.100911 35.077031 -293.993074
183.806931 -424.124348 237.927917
-189.640957 448.548248 107.024632
78.275643 124.908979 -274.808501
207.442874 -473.382651 -133.957659
598.649659 198.050097 -129.858391
3.151675 175.252865 -201.349622
-262.209688 46.747042 -138.822123
-214.937804 99.669187 -278.087915
-69.161532 226.275240 160.260457
145.606138 540.279965 154.740109
27.298665 170.774837 132.330779
-218.004088 -255.316276 -147.731199
461.816718 82.706961 -218.402576
495.034799 214.469531 -1.086725
-52.424730 381.242136 -196.157216
313.868495 -518.162928 -187.740053
-82.193241 607.043286 -29.016403
361.395903 -289.376425 -3.109030
-96.758092 -432.673309 83.740791
591.367234 69.679971 110.686644
59.494651 -392.913852 225.794085
332.010678 -81.487385 129.051364
-8.985701 -384.364890 -140.680458
145.350614 315.428700 -107.831659
-346.532509 376.221317 -130.568931
536.046353 57.331471 -196.321187
402.918505 -58.147363 -170.632442
491.968514 -15.673949 162.556047
493.884942 -280.284672 -188.395936
130.402478 541.636943 -56.399512
-77.082767 -76.873660 -12.837959
-228.352798 168.603673 -181.782450
380.176895 -407.297820 90.791531
-143.263406 305.251364 17.277995
38.541707 -156.663970 -215.560417
300.709024 468.088732 -211.187865
-184.147198 -282.048744 -170.796412
388.736939 -499.300933 106.314092
-21.378600 -121.246843 -49.184800
229.673436 10.922821 -95.369885
446.996343 -47.155840 -199.327316
76.231453 477.044787 145.448436
-43.353639 329.134178 -233.269254
-233.591034 -105.912991 82.210397
157.743514 478.401766 -126.141722
-189.768719 -60.182830 -202.934672
77.381310 -473.246954 86.473636
274.645607 264.134929 -42.024746
201.310305 460.896748 121.618025
-249.816789 109.982220 -214.139337
-288.400867 155.305288 -136.253249
273.495750 -35.621527 -106.574550
285.633126 -214.606934 -18.194336
-116.305655 -402.141303 82.265054
-312.547857 122.602116 88.441284
261.997184 95.733950 -98.485328
-142.880120 188.279855 -130.623588
-470.717028 13.229684 -138.822123
348.491956 -488.580806 114.239343
125.930813 122.059325 -4.147511
-149.012689 478.130370 -225.234689
171.797317 498.756437 -126.906918
472.165427 -128.710222 7.221125
-91.136571 -462.119733 -179.104262
234.272862 145.670743 -76.567909
258.930899 438.913704 -0.868097
130.402478 213.383949 -37.706851
-270.386447 46.747042 17.715250
227.629246 185.565898 -253.328338
-158.978113 327.234409 -15.078892
504.616937 22.457135 -132.700550
499.761987 69.544274 8.587547
164.642654 -366.588477 -136.581190
9.028720 432.264511 130.855042
-90.753285 84.878126 -152.431693
505.127985 196.693119 95.874623
207.442874 -565.114369 0.498326
-306.543050 136.443292 -225.180032
-374.895640 372.964570 -110.127249
316.679256 -232.383347 -112.149554
168.858795 -364.145917 -211.843747
-62.773440 306.472644 -248.463873
319.234493 305.929853 -227.093024
94.884683 608.400264 13.615983
202.587923 504.455744 98.388841
-455.896653 62.352290 -171.944207
79.297738 -520.334093 -107.940972
309.013545 510.833541 -238.407003
313.612971 283.268319 -248.135932
536.301876 -295.347129 -149.972132
56.683890 -301.453530 -27.868608
376.216278 -264.815122 -5.951189
-107.362326 188.958344 -31.202679
569.264434 -158.835135 -249.830296
-289.295200 -34.400246 -40.549010
217.152774 631.061798 -90.997332
-68.267199 534.037866 43.513309
18.355335 -614.372673 -167.680969
165.536987 -463.476712 24.274079
